1.000000000000000000e+00 9.000000000000000000e+01 6.000000000000000000e+01 1.000000000000000000e+00 6.700000000000000000e+01 1.200000000000000000e+02 5.000000000000000278e-02 2.000000000000000000e+01 3.170000000000000000e+02 2.000000000000000000e+00 2.000000000000000000e+01 3.170000000000000000e+02 0.000000000000000000e+00
4.000000000000000000e+00 2.250000000000000000e+01 6.000000000000000000e+01 4.000000000000000000e+00 1.675000000000000000e+01 1.200000000000000000e+02 5.000000000000000278e-02 4.000000000000000000e+01 1.792500000000000000e+02 4.000000000000000000e+00 2.000000000000000000e+01 1.992500000000000000e+02 4.756184967129989616e+00
2.000000000000000000e+00 8.000000000000000000e+01 1.200000000000000000e+02 0.000000000000000000e+00 0.000000000000000000e+00 0.000000000000000000e+00 5.000000000000000000e-01 4.000000000000000000e+01 1.600000000000000000e+02 2.000000000000000000e+00 6.000000000000000000e+01 1.400000000000000000e+02 0.000000000000000000e+00
1.000000000000000000e+00 9.000000000000000000e+01 6.000000000000000000e+01 1.000000000000000000e+00 6.700000000000000000e+01 1.200000000000000000e+02 5.000000000000000000e-01 2.000000000000000000e+01 3.170000000000000000e+02 2.000000000000000000e+00 6.000000000000000000e+01 2.770000000000000000e+02 9.228555527347539567e+01
2.000000000000000000e+00 4.500000000000000000e+01 6.000000000000000000e+01 2.000000000000000000e+00 3.350000000000000000e+01 1.200000000000000000e+02 2.000000000000000111e-01 4.000000000000000000e+01 2.185000000000000000e+02 3.000000000000000000e+00 4.000000000000000000e+01 2.185000000000000000e+02 9.661413639021930067e+01
2.000000000000000000e+00 4.500000000000000000e+01 6.000000000000000000e+01 2.000000000000000000e+00 3.350000000000000000e+01 1.200000000000000000e+02 5.000000000000000278e-02 4.000000000000000000e+01 2.185000000000000000e+02 4.000000000000000000e+00 4.000000000000000000e+01 2.185000000000000000e+02 1.065841391957509998e+01
1.000000000000000000e+00 9.000000000000000000e+01 6.000000000000000000e+01 1.000000000000000000e+00 6.700000000000000000e+01 1.200000000000000000e+02 2.000000000000000111e-01 2.000000000000000000e+01 3.170000000000000000e+02 3.000000000000000000e+00 2.000000000000000000e+01 3.170000000000000000e+02 9.657196307080779718e+01
2.000000000000000000e+00 4.500000000000000000e+01 6.000000000000000000e+01 2.000000000000000000e+00 3.350000000000000000e+01 1.200000000000000000e+02 2.000000000000000111e-01 1.000000000000000000e+00 2.575000000000000000e+02 2.000000000000000000e+00 2.000000000000000000e+01 2.385000000000000000e+02 9.653691999483959307e+01
1.000000000000000000e+00 9.000000000000000000e+01 6.000000000000000000e+01 1.000000000000000000e+00 6.700000000000000000e+01 1.200000000000000000e+02 1.000000000000000000e+00 4.000000000000000000e+01 2.970000000000000000e+02 2.000000000000000000e+00 4.000000000000000000e+01 2.970000000000000000e+02 8.518222289522950064e+01
2.000000000000000000e+00 4.500000000000000000e+01 6.000000000000000000e+01 2.000000000000000000e+00 3.350000000000000000e+01 1.200000000000000000e+02 1.000000000000000021e-02 2.000000000000000000e+01 2.385000000000000000e+02 3.000000000000000000e+00 4.000000000000000000e+01 2.185000000000000000e+02 0.000000000000000000e+00
1.000000000000000000e+00 9.000000000000000000e+01 6.000000000000000000e+01 1.000000000000000000e+00 6.700000000000000000e+01 1.200000000000000000e+02 5.000000000000000278e-02 1.000000000000000000e+00 3.360000000000000000e+02 3.000000000000000000e+00 8.000000000000000000e+01 2.570000000000000000e+02 2.127675612103399949e+00
2.000000000000000000e+00 4.500000000000000000e+01 6.000000000000000000e+01 2.000000000000000000e+00 3.350000000000000000e+01 1.200000000000000000e+02 5.000000000000000000e-01 4.000000000000000000e+01 2.185000000000000000e+02 3.000000000000000000e+00 1.000000000000000000e+00 2.575000000000000000e+02 9.242734935879209957e+01
4.000000000000000000e+00 2.250000000000000000e+01 6.000000000000000000e+01 4.000000000000000000e+00 1.675000000000000000e+01 1.200000000000000000e+02 2.000000000000000111e-01 1.000000000000000000e+00 2.182500000000000000e+02 2.000000000000000000e+00 1.000000000000000000e+00 2.182500000000000000e+02 9.649081151942050383e+01
1.000000000000000000e+00 9.000000000000000000e+01 6.000000000000000000e+01 1.000000000000000000e+00 6.700000000000000000e+01 1.200000000000000000e+02 5.000000000000000278e-02 4.000000000000000000e+01 2.970000000000000000e+02 3.000000000000000000e+00 8.000000000000000000e+01 2.570000000000000000e+02 2.144376128597770048e+01
1.000000000000000000e+00 9.000000000000000000e+01 6.000000000000000000e+01 1.000000000000000000e+00 6.700000000000000000e+01 1.200000000000000000e+02 2.000000000000000111e-01 6.000000000000000000e+01 2.770000000000000000e+02 4.000000000000000000e+00 1.000000000000000000e+00 3.360000000000000000e+02 9.660055852940359955e+01
2.000000000000000000e+00 8.000000000000000000e+01 1.200000000000000000e+02 0.000000000000000000e+00 0.000000000000000000e+00 0.000000000000000000e+00 1.000000000000000056e-01 2.000000000000000000e+01 1.800000000000000000e+02 2.000000000000000000e+00 4.000000000000000000e+01 1.600000000000000000e+02 9.495255485945300222e+01
4.000000000000000000e+00 2.250000000000000000e+01 6.000000000000000000e+01 4.000000000000000000e+00 1.675000000000000000e+01 1.200000000000000000e+02 1.000000000000000056e-01 1.000000000000000000e+00 2.182500000000000000e+02 2.000000000000000000e+00 2.000000000000000000e+01 1.992500000000000000e+02 9.066021997101640295e+01
4.000000000000000000e+00 2.250000000000000000e+01 6.000000000000000000e+01 4.000000000000000000e+00 1.675000000000000000e+01 1.200000000000000000e+02 5.000000000000000278e-02 1.000000000000000000e+00 2.182500000000000000e+02 4.000000000000000000e+00 1.000000000000000000e+00 2.182500000000000000e+02 4.790981231582599698e+00
2.000000000000000000e+00 8.000000000000000000e+01 1.200000000000000000e+02 0.000000000000000000e+00 0.000000000000000000e+00 0.000000000000000000e+00 1.000000000000000021e-02 8.000000000000000000e+01 1.200000000000000000e+02 2.000000000000000000e+00 1.000000000000000000e+00 1.990000000000000000e+02 9.411836747298750083e+01
4.000000000000000000e+00 2.250000000000000000e+01 6.000000000000000000e+01 4.000000000000000000e+00 1.675000000000000000e+01 1.200000000000000000e+02 2.000000000000000111e-01 4.000000000000000000e+01 1.792500000000000000e+02 3.000000000000000000e+00 4.000000000000000000e+01 1.792500000000000000e+02 9.459641291344310332e+01
2.000000000000000000e+00 4.500000000000000000e+01 6.000000000000000000e+01 2.000000000000000000e+00 3.350000000000000000e+01 1.200000000000000000e+02 1.000000000000000056e-01 8.000000000000000000e+01 1.785000000000000000e+02 3.000000000000000000e+00 1.000000000000000000e+00 2.575000000000000000e+02 9.529342486760050690e+01
2.000000000000000000e+00 4.500000000000000000e+01 6.000000000000000000e+01 2.000000000000000000e+00 3.350000000000000000e+01 1.200000000000000000e+02 5.000000000000000000e-01 6.000000000000000000e+01 1.985000000000000000e+02 4.000000000000000000e+00 6.000000000000000000e+01 1.985000000000000000e+02 9.231620637757410464e+01
2.000000000000000000e+00 4.500000000000000000e+01 6.000000000000000000e+01 2.000000000000000000e+00 3.350000000000000000e+01 1.200000000000000000e+02 5.000000000000000000e-01 8.000000000000000000e+01 1.785000000000000000e+02 3.000000000000000000e+00 4.000000000000000000e+01 2.185000000000000000e+02 9.231603785637020110e+01
4.000000000000000000e+00 2.250000000000000000e+01 6.000000000000000000e+01 4.000000000000000000e+00 1.675000000000000000e+01 1.200000000000000000e+02 5.000000000000000278e-02 4.000000000000000000e+01 1.792500000000000000e+02 2.000000000000000000e+00 1.000000000000000000e+00 2.182500000000000000e+02 1.893847883657529962e+01
2.000000000000000000e+00 4.500000000000000000e+01 6.000000000000000000e+01 2.000000000000000000e+00 3.350000000000000000e+01 1.200000000000000000e+02 1.000000000000000056e-01 4.000000000000000000e+01 2.185000000000000000e+02 2.000000000000000000e+00 1.000000000000000000e+00 2.575000000000000000e+02 9.068495095195690681e+01
4.000000000000000000e+00 2.250000000000000000e+01 6.000000000000000000e+01 4.000000000000000000e+00 1.675000000000000000e+01 1.200000000000000000e+02 5.000000000000000278e-02 6.000000000000000000e+01 1.592500000000000000e+02 2.000000000000000000e+00 6.000000000000000000e+01 1.592500000000000000e+02 0.000000000000000000e+00
4.000000000000000000e+00 2.250000000000000000e+01 6.000000000000000000e+01 4.000000000000000000e+00 1.675000000000000000e+01 1.200000000000000000e+02 1.000000000000000056e-01 4.000000000000000000e+01 1.792500000000000000e+02 3.000000000000000000e+00 4.000000000000000000e+01 1.792500000000000000e+02 0.000000000000000000e+00
1.000000000000000000e+00 9.000000000000000000e+01 6.000000000000000000e+01 1.000000000000000000e+00 6.700000000000000000e+01 1.200000000000000000e+02 1.000000000000000021e-02 8.000000000000000000e+01 2.570000000000000000e+02 4.000000000000000000e+00 8.000000000000000000e+01 2.570000000000000000e+02 1.327890347764440016e+01
2.000000000000000000e+00 4.500000000000000000e+01 6.000000000000000000e+01 2.000000000000000000e+00 3.350000000000000000e+01 1.200000000000000000e+02 2.000000000000000111e-01 4.000000000000000000e+01 2.185000000000000000e+02 4.000000000000000000e+00 8.000000000000000000e+01 1.785000000000000000e+02 0.000000000000000000e+00
2.000000000000000000e+00 8.000000000000000000e+01 1.200000000000000000e+02 0.000000000000000000e+00 0.000000000000000000e+00 0.000000000000000000e+00 2.000000000000000111e-01 4.000000000000000000e+01 1.600000000000000000e+02 2.000000000000000000e+00 2.000000000000000000e+01 1.800000000000000000e+02 9.660738883680849654e+01
2.000000000000000000e+00 8.000000000000000000e+01 1.200000000000000000e+02 0.000000000000000000e+00 0.000000000000000000e+00 0.000000000000000000e+00 5.000000000000000000e-01 6.000000000000000000e+01 1.400000000000000000e+02 2.000000000000000000e+00 2.000000000000000000e+01 1.800000000000000000e+02 9.274791895197620306e+01
1.000000000000000000e+00 9.000000000000000000e+01 6.000000000000000000e+01 1.000000000000000000e+00 6.700000000000000000e+01 1.200000000000000000e+02 1.000000000000000021e-02 6.000000000000000000e+01 2.770000000000000000e+02 4.000000000000000000e+00 6.000000000000000000e+01 2.770000000000000000e+02 0.000000000000000000e+00
4.000000000000000000e+00 2.250000000000000000e+01 6.000000000000000000e+01 4.000000000000000000e+00 1.675000000000000000e+01 1.200000000000000000e+02 1.000000000000000000e+00 8.000000000000000000e+01 1.392500000000000000e+02 2.000000000000000000e+00 2.000000000000000000e+01 1.992500000000000000e+02 8.598361628919350608e+01
2.000000000000000000e+00 8.000000000000000000e+01 1.200000000000000000e+02 0.000000000000000000e+00 0.000000000000000000e+00 0.000000000000000000e+00 1.000000000000000021e-02 4.000000000000000000e+01 1.600000000000000000e+02 4.000000000000000000e+00 2.000000000000000000e+01 1.800000000000000000e+02 2.559514732971110007e+01
1.000000000000000000e+00 9.000000000000000000e+01 6.000000000000000000e+01 1.000000000000000000e+00 6.700000000000000000e+01 1.200000000000000000e+02 1.000000000000000021e-02 4.000000000000000000e+01 2.970000000000000000e+02 2.000000000000000000e+00 2.000000000000000000e+01 3.170000000000000000e+02 0.000000000000000000e+00
2.000000000000000000e+00 8.000000000000000000e+01 1.200000000000000000e+02 0.000000000000000000e+00 0.000000000000000000e+00 0.000000000000000000e+00 1.000000000000000000e+00 6.000000000000000000e+01 1.400000000000000000e+02 4.000000000000000000e+00 6.000000000000000000e+01 1.400000000000000000e+02 8.558203596005670022e+01
1.000000000000000000e+00 9.000000000000000000e+01 6.000000000000000000e+01 1.000000000000000000e+00 6.700000000000000000e+01 1.200000000000000000e+02 2.000000000000000111e-01 2.000000000000000000e+01 3.170000000000000000e+02 3.000000000000000000e+00 4.000000000000000000e+01 2.970000000000000000e+02 9.657040288242670556e+01
4.000000000000000000e+00 2.250000000000000000e+01 6.000000000000000000e+01 4.000000000000000000e+00 1.675000000000000000e+01 1.200000000000000000e+02 2.000000000000000111e-01 6.000000000000000000e+01 1.592500000000000000e+02 4.000000000000000000e+00 1.000000000000000000e+00 2.182500000000000000e+02 9.670112353200879340e+01
4.000000000000000000e+00 2.250000000000000000e+01 6.000000000000000000e+01 4.000000000000000000e+00 1.675000000000000000e+01 1.200000000000000000e+02 1.000000000000000021e-02 8.000000000000000000e+01 1.392500000000000000e+02 2.000000000000000000e+00 4.000000000000000000e+01 1.792500000000000000e+02 0.000000000000000000e+00
2.000000000000000000e+00 4.500000000000000000e+01 6.000000000000000000e+01 2.000000000000000000e+00 3.350000000000000000e+01 1.200000000000000000e+02 5.000000000000000000e-01 6.000000000000000000e+01 1.985000000000000000e+02 2.000000000000000000e+00 6.000000000000000000e+01 1.985000000000000000e+02 0.000000000000000000e+00
4.000000000000000000e+00 2.250000000000000000e+01 6.000000000000000000e+01 4.000000000000000000e+00 1.675000000000000000e+01 1.200000000000000000e+02 1.000000000000000000e+00 8.000000000000000000e+01 1.392500000000000000e+02 2.000000000000000000e+00 4.000000000000000000e+01 1.792500000000000000e+02 8.460626911346770385e+01
2.000000000000000000e+00 4.500000000000000000e+01 6.000000000000000000e+01 2.000000000000000000e+00 3.350000000000000000e+01 1.200000000000000000e+02 5.000000000000000278e-02 8.000000000000000000e+01 1.785000000000000000e+02 4.000000000000000000e+00 8.000000000000000000e+01 1.785000000000000000e+02 5.751212333855840342e+01
2.000000000000000000e+00 4.500000000000000000e+01 6.000000000000000000e+01 2.000000000000000000e+00 3.350000000000000000e+01 1.200000000000000000e+02 5.000000000000000000e-01 8.000000000000000000e+01 1.785000000000000000e+02 3.000000000000000000e+00 1.000000000000000000e+00 2.575000000000000000e+02 9.242746703625979876e+01
2.000000000000000000e+00 8.000000000000000000e+01 1.200000000000000000e+02 0.000000000000000000e+00 0.000000000000000000e+00 0.000000000000000000e+00 5.000000000000000000e-01 1.000000000000000000e+00 1.990000000000000000e+02 3.000000000000000000e+00 2.000000000000000000e+01 1.800000000000000000e+02 9.246538903124749709e+01
4.000000000000000000e+00 2.250000000000000000e+01 6.000000000000000000e+01 4.000000000000000000e+00 1.675000000000000000e+01 1.200000000000000000e+02 2.000000000000000111e-01 6.000000000000000000e+01 1.592500000000000000e+02 3.000000000000000000e+00 6.000000000000000000e+01 1.592500000000000000e+02 9.459532848547380013e+01
2.000000000000000000e+00 4.500000000000000000e+01 6.000000000000000000e+01 2.000000000000000000e+00 3.350000000000000000e+01 1.200000000000000000e+02 1.000000000000000021e-02 8.000000000000000000e+01 1.785000000000000000e+02 4.000000000000000000e+00 6.000000000000000000e+01 1.985000000000000000e+02 8.846935186711149868e+00
2.000000000000000000e+00 8.000000000000000000e+01 1.200000000000000000e+02 0.000000000000000000e+00 0.000000000000000000e+00 0.000000000000000000e+00 5.000000000000000000e-01 1.000000000000000000e+00 1.990000000000000000e+02 4.000000000000000000e+00 2.000000000000000000e+01 1.800000000000000000e+02 9.246487891995739972e+01
2.000000000000000000e+00 8.000000000000000000e+01 1.200000000000000000e+02 0.000000000000000000e+00 0.000000000000000000e+00 0.000000000000000000e+00 1.000000000000000056e-01 6.000000000000000000e+01 1.400000000000000000e+02 3.000000000000000000e+00 8.000000000000000000e+01 1.200000000000000000e+02 0.000000000000000000e+00
1.000000000000000000e+00 9.000000000000000000e+01 6.000000000000000000e+01 1.000000000000000000e+00 6.700000000000000000e+01 1.200000000000000000e+02 1.000000000000000056e-01 2.000000000000000000e+01 3.170000000000000000e+02 4.000000000000000000e+00 8.000000000000000000e+01 2.570000000000000000e+02 9.782244881273119574e+01
2.000000000000000000e+00 8.000000000000000000e+01 1.200000000000000000e+02 0.000000000000000000e+00 0.000000000000000000e+00 0.000000000000000000e+00 1.000000000000000056e-01 8.000000000000000000e+01 1.200000000000000000e+02 4.000000000000000000e+00 8.000000000000000000e+01 1.200000000000000000e+02 0.000000000000000000e+00
4.000000000000000000e+00 2.250000000000000000e+01 6.000000000000000000e+01 4.000000000000000000e+00 1.675000000000000000e+01 1.200000000000000000e+02 5.000000000000000278e-02 6.000000000000000000e+01 1.592500000000000000e+02 2.000000000000000000e+00 2.000000000000000000e+01 1.992500000000000000e+02 2.260585723704729944e+01
4.000000000000000000e+00 2.250000000000000000e+01 6.000000000000000000e+01 4.000000000000000000e+00 1.675000000000000000e+01 1.200000000000000000e+02 1.000000000000000000e+00 8.000000000000000000e+01 1.392500000000000000e+02 4.000000000000000000e+00 2.000000000000000000e+01 1.992500000000000000e+02 8.600730940464219998e+01
2.000000000000000000e+00 8.000000000000000000e+01 1.200000000000000000e+02 0.000000000000000000e+00 0.000000000000000000e+00 0.000000000000000000e+00 1.000000000000000056e-01 4.000000000000000000e+01 1.600000000000000000e+02 3.000000000000000000e+00 8.000000000000000000e+01 1.200000000000000000e+02 0.000000000000000000e+00
4.000000000000000000e+00 2.250000000000000000e+01 6.000000000000000000e+01 4.000000000000000000e+00 1.675000000000000000e+01 1.200000000000000000e+02 1.000000000000000021e-02 6.000000000000000000e+01 1.592500000000000000e+02 2.000000000000000000e+00 1.000000000000000000e+00 2.182500000000000000e+02 0.000000000000000000e+00
2.000000000000000000e+00 8.000000000000000000e+01 1.200000000000000000e+02 0.000000000000000000e+00 0.000000000000000000e+00 0.000000000000000000e+00 5.000000000000000278e-02 8.000000000000000000e+01 1.200000000000000000e+02 4.000000000000000000e+00 4.000000000000000000e+01 1.600000000000000000e+02 9.407792459920429451e+01
2.000000000000000000e+00 4.500000000000000000e+01 6.000000000000000000e+01 2.000000000000000000e+00 3.350000000000000000e+01 1.200000000000000000e+02 2.000000000000000111e-01 6.000000000000000000e+01 1.985000000000000000e+02 4.000000000000000000e+00 1.000000000000000000e+00 2.575000000000000000e+02 9.667794344259010586e+01
1.000000000000000000e+00 9.000000000000000000e+01 6.000000000000000000e+01 1.000000000000000000e+00 6.700000000000000000e+01 1.200000000000000000e+02 2.000000000000000111e-01 6.000000000000000000e+01 2.770000000000000000e+02 3.000000000000000000e+00 2.000000000000000000e+01 3.170000000000000000e+02 9.659998589310710315e+01
2.000000000000000000e+00 8.000000000000000000e+01 1.200000000000000000e+02 0.000000000000000000e+00 0.000000000000000000e+00 0.000000000000000000e+00 5.000000000000000278e-02 2.000000000000000000e+01 1.800000000000000000e+02 4.000000000000000000e+00 6.000000000000000000e+01 1.400000000000000000e+02 0.000000000000000000e+00
2.000000000000000000e+00 4.500000000000000000e+01 6.000000000000000000e+01 2.000000000000000000e+00 3.350000000000000000e+01 1.200000000000000000e+02 1.000000000000000021e-02 8.000000000000000000e+01 1.785000000000000000e+02 3.000000000000000000e+00 2.000000000000000000e+01 2.385000000000000000e+02 0.000000000000000000e+00
4.000000000000000000e+00 2.250000000000000000e+01 6.000000000000000000e+01 4.000000000000000000e+00 1.675000000000000000e+01 1.200000000000000000e+02 1.000000000000000056e-01 2.000000000000000000e+01 1.992500000000000000e+02 2.000000000000000000e+00 4.000000000000000000e+01 1.792500000000000000e+02 0.000000000000000000e+00
1.000000000000000000e+00 9.000000000000000000e+01 6.000000000000000000e+01 1.000000000000000000e+00 6.700000000000000000e+01 1.200000000000000000e+02 5.000000000000000278e-02 4.000000000000000000e+01 2.970000000000000000e+02 4.000000000000000000e+00 1.000000000000000000e+00 3.360000000000000000e+02 3.636010749148039878e+01
2.000000000000000000e+00 8.000000000000000000e+01 1.200000000000000000e+02 0.000000000000000000e+00 0.000000000000000000e+00 0.000000000000000000e+00 2.000000000000000111e-01 4.000000000000000000e+01 1.600000000000000000e+02 2.000000000000000000e+00 6.000000000000000000e+01 1.400000000000000000e+02 0.000000000000000000e+00
4.000000000000000000e+00 2.250000000000000000e+01 6.000000000000000000e+01 4.000000000000000000e+00 1.675000000000000000e+01 1.200000000000000000e+02 1.000000000000000021e-02 1.000000000000000000e+00 2.182500000000000000e+02 4.000000000000000000e+00 8.000000000000000000e+01 1.392500000000000000e+02 0.000000000000000000e+00
2.000000000000000000e+00 8.000000000000000000e+01 1.200000000000000000e+02 0.000000000000000000e+00 0.000000000000000000e+00 0.000000000000000000e+00 1.000000000000000056e-01 4.000000000000000000e+01 1.600000000000000000e+02 4.000000000000000000e+00 8.000000000000000000e+01 1.200000000000000000e+02 0.000000000000000000e+00
4.000000000000000000e+00 2.250000000000000000e+01 6.000000000000000000e+01 4.000000000000000000e+00 1.675000000000000000e+01 1.200000000000000000e+02 1.000000000000000021e-02 6.000000000000000000e+01 1.592500000000000000e+02 3.000000000000000000e+00 6.000000000000000000e+01 1.592500000000000000e+02 0.000000000000000000e+00
2.000000000000000000e+00 8.000000000000000000e+01 1.200000000000000000e+02 0.000000000000000000e+00 0.000000000000000000e+00 0.000000000000000000e+00 5.000000000000000000e-01 6.000000000000000000e+01 1.400000000000000000e+02 4.000000000000000000e+00 4.000000000000000000e+01 1.600000000000000000e+02 9.275195569056340616e+01
1.000000000000000000e+00 9.000000000000000000e+01 6.000000000000000000e+01 1.000000000000000000e+00 6.700000000000000000e+01 1.200000000000000000e+02 5.000000000000000278e-02 2.000000000000000000e+01 3.170000000000000000e+02 4.000000000000000000e+00 1.000000000000000000e+00 3.360000000000000000e+02 4.905274392777919701e+01
2.000000000000000000e+00 8.000000000000000000e+01 1.200000000000000000e+02 0.000000000000000000e+00 0.000000000000000000e+00 0.000000000000000000e+00 2.000000000000000111e-01 6.000000000000000000e+01 1.400000000000000000e+02 3.000000000000000000e+00 2.000000000000000000e+01 1.800000000000000000e+02 9.671933545048439385e+01
4.000000000000000000e+00 2.250000000000000000e+01 6.000000000000000000e+01 4.000000000000000000e+00 1.675000000000000000e+01 1.200000000000000000e+02 5.000000000000000278e-02 4.000000000000000000e+01 1.792500000000000000e+02 2.000000000000000000e+00 4.000000000000000000e+01 1.792500000000000000e+02 0.000000000000000000e+00
2.000000000000000000e+00 8.000000000000000000e+01 1.200000000000000000e+02 0.000000000000000000e+00 0.000000000000000000e+00 0.000000000000000000e+00 5.000000000000000000e-01 2.000000000000000000e+01 1.800000000000000000e+02 3.000000000000000000e+00 2.000000000000000000e+01 1.800000000000000000e+02 9.246769669923860135e+01
4.000000000000000000e+00 2.250000000000000000e+01 6.000000000000000000e+01 4.000000000000000000e+00 1.675000000000000000e+01 1.200000000000000000e+02 1.000000000000000056e-01 4.000000000000000000e+01 1.792500000000000000e+02 4.000000000000000000e+00 2.000000000000000000e+01 1.992500000000000000e+02 5.922343796564800300e+01
2.000000000000000000e+00 4.500000000000000000e+01 6.000000000000000000e+01 2.000000000000000000e+00 3.350000000000000000e+01 1.200000000000000000e+02 2.000000000000000111e-01 6.000000000000000000e+01 1.985000000000000000e+02 3.000000000000000000e+00 4.000000000000000000e+01 2.185000000000000000e+02 9.662693250490589492e+01
2.000000000000000000e+00 8.000000000000000000e+01 1.200000000000000000e+02 0.000000000000000000e+00 0.000000000000000000e+00 0.000000000000000000e+00 1.000000000000000056e-01 8.000000000000000000e+01 1.200000000000000000e+02 4.000000000000000000e+00 1.000000000000000000e+00 1.990000000000000000e+02 9.397714731605989869e+01
1.000000000000000000e+00 9.000000000000000000e+01 6.000000000000000000e+01 1.000000000000000000e+00 6.700000000000000000e+01 1.200000000000000000e+02 2.000000000000000111e-01 4.000000000000000000e+01 2.970000000000000000e+02 2.000000000000000000e+00 1.000000000000000000e+00 3.360000000000000000e+02 9.657274406051840288e+01
2.000000000000000000e+00 4.500000000000000000e+01 6.000000000000000000e+01 2.000000000000000000e+00 3.350000000000000000e+01 1.200000000000000000e+02 1.000000000000000000e+00 1.000000000000000000e+00 2.575000000000000000e+02 2.000000000000000000e+00 1.000000000000000000e+00 2.575000000000000000e+02 8.593523073761899411e+01
2.000000000000000000e+00 4.500000000000000000e+01 6.000000000000000000e+01 2.000000000000000000e+00 3.350000000000000000e+01 1.200000000000000000e+02 1.000000000000000000e+00 8.000000000000000000e+01 1.785000000000000000e+02 4.000000000000000000e+00 2.000000000000000000e+01 2.385000000000000000e+02 8.594125774966420295e+01
2.000000000000000000e+00 8.000000000000000000e+01 1.200000000000000000e+02 0.000000000000000000e+00 0.000000000000000000e+00 0.000000000000000000e+00 5.000000000000000000e-01 1.000000000000000000e+00 1.990000000000000000e+02 2.000000000000000000e+00 2.000000000000000000e+01 1.800000000000000000e+02 9.246097165880320290e+01
4.000000000000000000e+00 2.250000000000000000e+01 6.000000000000000000e+01 4.000000000000000000e+00 1.675000000000000000e+01 1.200000000000000000e+02 1.000000000000000056e-01 4.000000000000000000e+01 1.792500000000000000e+02 3.000000000000000000e+00 6.000000000000000000e+01 1.592500000000000000e+02 0.000000000000000000e+00
1.000000000000000000e+00 9.000000000000000000e+01 6.000000000000000000e+01 1.000000000000000000e+00 6.700000000000000000e+01 1.200000000000000000e+02 2.000000000000000111e-01 4.000000000000000000e+01 2.970000000000000000e+02 4.000000000000000000e+00 2.000000000000000000e+01 3.170000000000000000e+02 9.657696829498560476e+01
4.000000000000000000e+00 2.250000000000000000e+01 6.000000000000000000e+01 4.000000000000000000e+00 1.675000000000000000e+01 1.200000000000000000e+02 5.000000000000000278e-02 6.000000000000000000e+01 1.592500000000000000e+02 2.000000000000000000e+00 1.000000000000000000e+00 2.182500000000000000e+02 8.045385534665709315e+01
1.000000000000000000e+00 9.000000000000000000e+01 6.000000000000000000e+01 1.000000000000000000e+00 6.700000000000000000e+01 1.200000000000000000e+02 1.000000000000000000e+00 4.000000000000000000e+01 2.970000000000000000e+02 2.000000000000000000e+00 8.000000000000000000e+01 2.570000000000000000e+02 8.516000306057759417e+01
4.000000000000000000e+00 2.250000000000000000e+01 6.000000000000000000e+01 4.000000000000000000e+00 1.675000000000000000e+01 1.200000000000000000e+02 5.000000000000000000e-01 1.000000000000000000e+00 2.182500000000000000e+02 3.000000000000000000e+00 6.000000000000000000e+01 1.592500000000000000e+02 9.238449427369710065e+01
4.000000000000000000e+00 2.250000000000000000e+01 6.000000000000000000e+01 4.000000000000000000e+00 1.675000000000000000e+01 1.200000000000000000e+02 1.000000000000000000e+00 6.000000000000000000e+01 1.592500000000000000e+02 2.000000000000000000e+00 1.000000000000000000e+00 2.182500000000000000e+02 8.603178193437869936e+01
2.000000000000000000e+00 8.000000000000000000e+01 1.200000000000000000e+02 0.000000000000000000e+00 0.000000000000000000e+00 0.000000000000000000e+00 5.000000000000000278e-02 1.000000000000000000e+00 1.990000000000000000e+02 2.000000000000000000e+00 6.000000000000000000e+01 1.400000000000000000e+02 5.638490427991710163e+01
4.000000000000000000e+00 2.250000000000000000e+01 6.000000000000000000e+01 4.000000000000000000e+00 1.675000000000000000e+01 1.200000000000000000e+02 1.000000000000000056e-01 4.000000000000000000e+01 1.792500000000000000e+02 3.000000000000000000e+00 2.000000000000000000e+01 1.992500000000000000e+02 7.840057397464879330e+01
1.000000000000000000e+00 9.000000000000000000e+01 6.000000000000000000e+01 1.000000000000000000e+00 6.700000000000000000e+01 1.200000000000000000e+02 2.000000000000000111e-01 2.000000000000000000e+01 3.170000000000000000e+02 2.000000000000000000e+00 4.000000000000000000e+01 2.970000000000000000e+02 9.657106617060969711e+01
4.000000000000000000e+00 2.250000000000000000e+01 6.000000000000000000e+01 4.000000000000000000e+00 1.675000000000000000e+01 1.200000000000000000e+02 5.000000000000000000e-01 8.000000000000000000e+01 1.392500000000000000e+02 3.000000000000000000e+00 2.000000000000000000e+01 1.992500000000000000e+02 9.243070507460440410e+01
2.000000000000000000e+00 4.500000000000000000e+01 6.000000000000000000e+01 2.000000000000000000e+00 3.350000000000000000e+01 1.200000000000000000e+02 5.000000000000000000e-01 1.000000000000000000e+00 2.575000000000000000e+02 3.000000000000000000e+00 8.000000000000000000e+01 1.785000000000000000e+02 9.232845394371280179e+01
2.000000000000000000e+00 4.500000000000000000e+01 6.000000000000000000e+01 2.000000000000000000e+00 3.350000000000000000e+01 1.200000000000000000e+02 1.000000000000000021e-02 6.000000000000000000e+01 1.985000000000000000e+02 4.000000000000000000e+00 6.000000000000000000e+01 1.985000000000000000e+02 5.470927424130650252e+01
4.000000000000000000e+00 2.250000000000000000e+01 6.000000000000000000e+01 4.000000000000000000e+00 1.675000000000000000e+01 1.200000000000000000e+02 2.000000000000000111e-01 4.000000000000000000e+01 1.792500000000000000e+02 3.000000000000000000e+00 2.000000000000000000e+01 1.992500000000000000e+02 9.666256388678570488e+01
2.000000000000000000e+00 8.000000000000000000e+01 1.200000000000000000e+02 0.000000000000000000e+00 0.000000000000000000e+00 0.000000000000000000e+00 1.000000000000000000e+00 2.000000000000000000e+01 1.800000000000000000e+02 3.000000000000000000e+00 2.000000000000000000e+01 1.800000000000000000e+02 8.610058968799710044e+01
2.000000000000000000e+00 8.000000000000000000e+01 1.200000000000000000e+02 0.000000000000000000e+00 0.000000000000000000e+00 0.000000000000000000e+00 5.000000000000000000e-01 6.000000000000000000e+01 1.400000000000000000e+02 4.000000000000000000e+00 1.000000000000000000e+00 1.990000000000000000e+02 9.275527936667670303e+01
2.000000000000000000e+00 4.500000000000000000e+01 6.000000000000000000e+01 2.000000000000000000e+00 3.350000000000000000e+01 1.200000000000000000e+02 1.000000000000000056e-01 2.000000000000000000e+01 2.385000000000000000e+02 3.000000000000000000e+00 6.000000000000000000e+01 1.985000000000000000e+02 9.343404433223329875e+01
2.000000000000000000e+00 4.500000000000000000e+01 6.000000000000000000e+01 2.000000000000000000e+00 3.350000000000000000e+01 1.200000000000000000e+02 1.000000000000000021e-02 8.000000000000000000e+01 1.785000000000000000e+02 3.000000000000000000e+00 1.000000000000000000e+00 2.575000000000000000e+02 0.000000000000000000e+00
1.000000000000000000e+00 9.000000000000000000e+01 6.000000000000000000e+01 1.000000000000000000e+00 6.700000000000000000e+01 1.200000000000000000e+02 5.000000000000000278e-02 4.000000000000000000e+01 2.970000000000000000e+02 3.000000000000000000e+00 4.000000000000000000e+01 2.970000000000000000e+02 0.000000000000000000e+00
4.000000000000000000e+00 2.250000000000000000e+01 6.000000000000000000e+01 4.000000000000000000e+00 1.675000000000000000e+01 1.200000000000000000e+02 5.000000000000000000e-01 8.000000000000000000e+01 1.392500000000000000e+02 4.000000000000000000e+00 2.000000000000000000e+01 1.992500000000000000e+02 9.243966050206179830e+01
2.000000000000000000e+00 4.500000000000000000e+01 6.000000000000000000e+01 2.000000000000000000e+00 3.350000000000000000e+01 1.200000000000000000e+02 2.000000000000000111e-01 1.000000000000000000e+00 2.575000000000000000e+02 3.000000000000000000e+00 1.000000000000000000e+00 2.575000000000000000e+02 9.655511205843259859e+01
2.000000000000000000e+00 8.000000000000000000e+01 1.200000000000000000e+02 0.000000000000000000e+00 0.000000000000000000e+00 0.000000000000000000e+00 1.000000000000000021e-02 1.000000000000000000e+00 1.990000000000000000e+02 3.000000000000000000e+00 6.000000000000000000e+01 1.400000000000000000e+02 0.000000000000000000e+00
2.000000000000000000e+00 4.500000000000000000e+01 6.000000000000000000e+01 2.000000000000000000e+00 3.350000000000000000e+01 1.200000000000000000e+02 5.000000000000000000e-01 2.000000000000000000e+01 2.385000000000000000e+02 2.000000000000000000e+00 4.000000000000000000e+01 2.185000000000000000e+02 9.228765363559310231e+01
2.000000000000000000e+00 8.000000000000000000e+01 1.200000000000000000e+02 0.000000000000000000e+00 0.000000000000000000e+00 0.000000000000000000e+00 5.000000000000000278e-02 2.000000000000000000e+01 1.800000000000000000e+02 4.000000000000000000e+00 4.000000000000000000e+01 1.600000000000000000e+02 4.360969469667070086e+01
