4.000000000000000000e+00 2.250000000000000000e+01 6.000000000000000000e+01 4.000000000000000000e+00 1.675000000000000000e+01 1.200000000000000000e+02 1.000000000000000000e+00 4.000000000000000000e+01 1.792500000000000000e+02 2.000000000000000000e+00 1.000000000000000000e+00 2.182500000000000000e+02 5.588210000000000122e+01
4.000000000000000000e+00 2.250000000000000000e+01 6.000000000000000000e+01 4.000000000000000000e+00 1.675000000000000000e+01 1.200000000000000000e+02 1.000000000000000000e+00 4.000000000000000000e+01 1.792500000000000000e+02 4.000000000000000000e+00 2.000000000000000000e+01 1.992500000000000000e+02 5.764639999999999986e+01
4.000000000000000000e+00 2.250000000000000000e+01 6.000000000000000000e+01 4.000000000000000000e+00 1.675000000000000000e+01 1.200000000000000000e+02 5.000000000000000278e-02 1.000000000000000000e+00 2.182500000000000000e+02 3.000000000000000000e+00 6.000000000000000000e+01 1.592500000000000000e+02 5.760349999999999682e+01
1.000000000000000000e+00 9.000000000000000000e+01 6.000000000000000000e+01 1.000000000000000000e+00 6.700000000000000000e+01 1.200000000000000000e+02 1.000000000000000000e+00 8.000000000000000000e+01 2.570000000000000000e+02 2.000000000000000000e+00 4.000000000000000000e+01 2.970000000000000000e+02 5.588269999999999982e+01
1.000000000000000000e+00 9.000000000000000000e+01 6.000000000000000000e+01 1.000000000000000000e+00 6.700000000000000000e+01 1.200000000000000000e+02 1.000000000000000000e+00 4.000000000000000000e+01 2.970000000000000000e+02 4.000000000000000000e+00 6.000000000000000000e+01 2.770000000000000000e+02 5.764699999999999847e+01
2.000000000000000000e+00 4.500000000000000000e+01 6.000000000000000000e+01 2.000000000000000000e+00 3.350000000000000000e+01 1.200000000000000000e+02 1.000000000000000056e-01 2.000000000000000000e+01 2.385000000000000000e+02 2.000000000000000000e+00 4.000000000000000000e+01 2.185000000000000000e+02 5.667699999999999960e+01
4.000000000000000000e+00 2.250000000000000000e+01 6.000000000000000000e+01 4.000000000000000000e+00 1.675000000000000000e+01 1.200000000000000000e+02 5.000000000000000000e-01 1.000000000000000000e+00 2.182500000000000000e+02 2.000000000000000000e+00 4.000000000000000000e+01 1.792500000000000000e+02 5.632319999999999993e+01
1.000000000000000000e+00 9.000000000000000000e+01 6.000000000000000000e+01 1.000000000000000000e+00 6.700000000000000000e+01 1.200000000000000000e+02 5.000000000000000278e-02 1.000000000000000000e+00 3.360000000000000000e+02 4.000000000000000000e+00 4.000000000000000000e+01 2.970000000000000000e+02 5.848510000000000275e+01
2.000000000000000000e+00 8.000000000000000000e+01 1.200000000000000000e+02 0.000000000000000000e+00 0.000000000000000000e+00 0.000000000000000000e+00 1.000000000000000000e+00 6.000000000000000000e+01 1.400000000000000000e+02 3.000000000000000000e+00 8.000000000000000000e+01 1.200000000000000000e+02 5.678170000000000073e+01
1.000000000000000000e+00 9.000000000000000000e+01 6.000000000000000000e+01 1.000000000000000000e+00 6.700000000000000000e+01 1.200000000000000000e+02 1.000000000000000056e-01 8.000000000000000000e+01 2.570000000000000000e+02 2.000000000000000000e+00 8.000000000000000000e+01 2.570000000000000000e+02 5.667669999999999675e+01
2.000000000000000000e+00 4.500000000000000000e+01 6.000000000000000000e+01 2.000000000000000000e+00 3.350000000000000000e+01 1.200000000000000000e+02 5.000000000000000000e-01 2.000000000000000000e+01 2.385000000000000000e+02 4.000000000000000000e+00 1.000000000000000000e+00 2.575000000000000000e+02 5.808769999999999811e+01
2.000000000000000000e+00 8.000000000000000000e+01 1.200000000000000000e+02 0.000000000000000000e+00 0.000000000000000000e+00 0.000000000000000000e+00 2.000000000000000111e-01 2.000000000000000000e+01 1.800000000000000000e+02 2.000000000000000000e+00 8.000000000000000000e+01 1.200000000000000000e+02 5.659709999999999752e+01
4.000000000000000000e+00 2.250000000000000000e+01 6.000000000000000000e+01 4.000000000000000000e+00 1.675000000000000000e+01 1.200000000000000000e+02 1.000000000000000000e+00 4.000000000000000000e+01 1.792500000000000000e+02 4.000000000000000000e+00 8.000000000000000000e+01 1.392500000000000000e+02 5.764639999999999986e+01
4.000000000000000000e+00 2.250000000000000000e+01 6.000000000000000000e+01 4.000000000000000000e+00 1.675000000000000000e+01 1.200000000000000000e+02 5.000000000000000278e-02 6.000000000000000000e+01 1.592500000000000000e+02 2.000000000000000000e+00 8.000000000000000000e+01 1.392500000000000000e+02 5.672240000000000038e+01
2.000000000000000000e+00 4.500000000000000000e+01 6.000000000000000000e+01 2.000000000000000000e+00 3.350000000000000000e+01 1.200000000000000000e+02 5.000000000000000278e-02 4.000000000000000000e+01 2.185000000000000000e+02 3.000000000000000000e+00 6.000000000000000000e+01 1.985000000000000000e+02 5.760340000000000060e+01
2.000000000000000000e+00 8.000000000000000000e+01 1.200000000000000000e+02 0.000000000000000000e+00 0.000000000000000000e+00 0.000000000000000000e+00 1.000000000000000000e+00 8.000000000000000000e+01 1.200000000000000000e+02 2.000000000000000000e+00 8.000000000000000000e+01 1.200000000000000000e+02 5.589070000000000249e+01
4.000000000000000000e+00 2.250000000000000000e+01 6.000000000000000000e+01 4.000000000000000000e+00 1.675000000000000000e+01 1.200000000000000000e+02 1.000000000000000000e+00 2.000000000000000000e+01 1.992500000000000000e+02 3.000000000000000000e+00 8.000000000000000000e+01 1.392500000000000000e+02 5.676429999999999865e+01
2.000000000000000000e+00 4.500000000000000000e+01 6.000000000000000000e+01 2.000000000000000000e+00 3.350000000000000000e+01 1.200000000000000000e+02 1.000000000000000021e-02 1.000000000000000000e+00 2.575000000000000000e+02 2.000000000000000000e+00 1.000000000000000000e+00 2.575000000000000000e+02 5.675710000000000122e+01
2.000000000000000000e+00 8.000000000000000000e+01 1.200000000000000000e+02 0.000000000000000000e+00 0.000000000000000000e+00 0.000000000000000000e+00 1.000000000000000021e-02 2.000000000000000000e+01 1.800000000000000000e+02 3.000000000000000000e+00 4.000000000000000000e+01 1.600000000000000000e+02 5.764119999999999777e+01
2.000000000000000000e+00 8.000000000000000000e+01 1.200000000000000000e+02 0.000000000000000000e+00 0.000000000000000000e+00 0.000000000000000000e+00 1.000000000000000000e+00 1.000000000000000000e+00 1.990000000000000000e+02 4.000000000000000000e+00 1.000000000000000000e+00 1.990000000000000000e+02 5.764639999999999986e+01
1.000000000000000000e+00 9.000000000000000000e+01 6.000000000000000000e+01 1.000000000000000000e+00 6.700000000000000000e+01 1.200000000000000000e+02 2.000000000000000111e-01 8.000000000000000000e+01 2.570000000000000000e+02 2.000000000000000000e+00 2.000000000000000000e+01 3.170000000000000000e+02 5.658850000000000335e+01
4.000000000000000000e+00 2.250000000000000000e+01 6.000000000000000000e+01 4.000000000000000000e+00 1.675000000000000000e+01 1.200000000000000000e+02 1.000000000000000056e-01 1.000000000000000000e+00 2.182500000000000000e+02 2.000000000000000000e+00 6.000000000000000000e+01 1.592500000000000000e+02 5.667699999999999960e+01
4.000000000000000000e+00 2.250000000000000000e+01 6.000000000000000000e+01 4.000000000000000000e+00 1.675000000000000000e+01 1.200000000000000000e+02 5.000000000000000000e-01 1.000000000000000000e+00 2.182500000000000000e+02 3.000000000000000000e+00 6.000000000000000000e+01 1.592500000000000000e+02 5.720539999999999736e+01
2.000000000000000000e+00 4.500000000000000000e+01 6.000000000000000000e+01 2.000000000000000000e+00 3.350000000000000000e+01 1.200000000000000000e+02 1.000000000000000056e-01 1.000000000000000000e+00 2.575000000000000000e+02 3.000000000000000000e+00 2.000000000000000000e+01 2.385000000000000000e+02 5.755919999999999703e+01
1.000000000000000000e+00 9.000000000000000000e+01 6.000000000000000000e+01 1.000000000000000000e+00 6.700000000000000000e+01 1.200000000000000000e+02 5.000000000000000278e-02 2.000000000000000000e+01 3.170000000000000000e+02 3.000000000000000000e+00 8.000000000000000000e+01 2.570000000000000000e+02 5.760300000000000153e+01
2.000000000000000000e+00 4.500000000000000000e+01 6.000000000000000000e+01 2.000000000000000000e+00 3.350000000000000000e+01 1.200000000000000000e+02 1.000000000000000056e-01 6.000000000000000000e+01 1.985000000000000000e+02 2.000000000000000000e+00 2.000000000000000000e+01 2.385000000000000000e+02 5.667699999999999960e+01
2.000000000000000000e+00 4.500000000000000000e+01 6.000000000000000000e+01 2.000000000000000000e+00 3.350000000000000000e+01 1.200000000000000000e+02 5.000000000000000000e-01 4.000000000000000000e+01 2.185000000000000000e+02 2.000000000000000000e+00 4.000000000000000000e+01 2.185000000000000000e+02 5.632350000000000279e+01
1.000000000000000000e+00 9.000000000000000000e+01 6.000000000000000000e+01 1.000000000000000000e+00 6.700000000000000000e+01 1.200000000000000000e+02 1.000000000000000000e+00 2.000000000000000000e+01 3.170000000000000000e+02 4.000000000000000000e+00 4.000000000000000000e+01 2.970000000000000000e+02 5.764699999999999847e+01
2.000000000000000000e+00 4.500000000000000000e+01 6.000000000000000000e+01 2.000000000000000000e+00 3.350000000000000000e+01 1.200000000000000000e+02 1.000000000000000000e+00 6.000000000000000000e+01 1.985000000000000000e+02 2.000000000000000000e+00 2.000000000000000000e+01 2.385000000000000000e+02 5.588219999999999743e+01
4.000000000000000000e+00 2.250000000000000000e+01 6.000000000000000000e+01 4.000000000000000000e+00 1.675000000000000000e+01 1.200000000000000000e+02 2.000000000000000111e-01 1.000000000000000000e+00 2.182500000000000000e+02 2.000000000000000000e+00 1.000000000000000000e+00 2.182500000000000000e+02 5.658829999999999671e+01
2.000000000000000000e+00 4.500000000000000000e+01 6.000000000000000000e+01 2.000000000000000000e+00 3.350000000000000000e+01 1.200000000000000000e+02 5.000000000000000000e-01 1.000000000000000000e+00 2.575000000000000000e+02 2.000000000000000000e+00 4.000000000000000000e+01 2.185000000000000000e+02 5.632350000000000279e+01
4.000000000000000000e+00 2.250000000000000000e+01 6.000000000000000000e+01 4.000000000000000000e+00 1.675000000000000000e+01 1.200000000000000000e+02 2.000000000000000111e-01 8.000000000000000000e+01 1.392500000000000000e+02 4.000000000000000000e+00 6.000000000000000000e+01 1.592500000000000000e+02 5.835269999999999868e+01
2.000000000000000000e+00 8.000000000000000000e+01 1.200000000000000000e+02 0.000000000000000000e+00 0.000000000000000000e+00 0.000000000000000000e+00 1.000000000000000056e-01 8.000000000000000000e+01 1.200000000000000000e+02 4.000000000000000000e+00 1.000000000000000000e+00 1.990000000000000000e+02 5.846929999999999694e+01
2.000000000000000000e+00 8.000000000000000000e+01 1.200000000000000000e+02 0.000000000000000000e+00 0.000000000000000000e+00 0.000000000000000000e+00 2.000000000000000111e-01 1.000000000000000000e+00 1.990000000000000000e+02 2.000000000000000000e+00 4.000000000000000000e+01 1.600000000000000000e+02 5.658840000000000003e+01
2.000000000000000000e+00 4.500000000000000000e+01 6.000000000000000000e+01 2.000000000000000000e+00 3.350000000000000000e+01 1.200000000000000000e+02 5.000000000000000278e-02 4.000000000000000000e+01 2.185000000000000000e+02 3.000000000000000000e+00 1.000000000000000000e+00 2.575000000000000000e+02 5.760340000000000060e+01
2.000000000000000000e+00 4.500000000000000000e+01 6.000000000000000000e+01 2.000000000000000000e+00 3.350000000000000000e+01 1.200000000000000000e+02 1.000000000000000021e-02 2.000000000000000000e+01 2.385000000000000000e+02 3.000000000000000000e+00 4.000000000000000000e+01 2.185000000000000000e+02 5.763940000000000197e+01
4.000000000000000000e+00 2.250000000000000000e+01 6.000000000000000000e+01 4.000000000000000000e+00 1.675000000000000000e+01 1.200000000000000000e+02 1.000000000000000056e-01 2.000000000000000000e+01 1.992500000000000000e+02 4.000000000000000000e+00 4.000000000000000000e+01 1.792500000000000000e+02 5.844129999999999825e+01
2.000000000000000000e+00 8.000000000000000000e+01 1.200000000000000000e+02 0.000000000000000000e+00 0.000000000000000000e+00 0.000000000000000000e+00 5.000000000000000000e-01 2.000000000000000000e+01 1.800000000000000000e+02 3.000000000000000000e+00 1.000000000000000000e+00 1.990000000000000000e+02 5.720550000000000068e+01
1.000000000000000000e+00 9.000000000000000000e+01 6.000000000000000000e+01 1.000000000000000000e+00 6.700000000000000000e+01 1.200000000000000000e+02 1.000000000000000021e-02 2.000000000000000000e+01 3.170000000000000000e+02 4.000000000000000000e+00 4.000000000000000000e+01 2.970000000000000000e+02 5.852080000000000126e+01
2.000000000000000000e+00 4.500000000000000000e+01 6.000000000000000000e+01 2.000000000000000000e+00 3.350000000000000000e+01 1.200000000000000000e+02 2.000000000000000111e-01 2.000000000000000000e+01 2.385000000000000000e+02 4.000000000000000000e+00 8.000000000000000000e+01 1.785000000000000000e+02 5.835280000000000200e+01
1.000000000000000000e+00 9.000000000000000000e+01 6.000000000000000000e+01 1.000000000000000000e+00 6.700000000000000000e+01 1.200000000000000000e+02 5.000000000000000278e-02 6.000000000000000000e+01 2.770000000000000000e+02 3.000000000000000000e+00 8.000000000000000000e+01 2.570000000000000000e+02 5.760300000000000153e+01
2.000000000000000000e+00 8.000000000000000000e+01 1.200000000000000000e+02 0.000000000000000000e+00 0.000000000000000000e+00 0.000000000000000000e+00 5.000000000000000278e-02 6.000000000000000000e+01 1.400000000000000000e+02 2.000000000000000000e+00 8.000000000000000000e+01 1.200000000000000000e+02 5.673360000000000269e+01
4.000000000000000000e+00 2.250000000000000000e+01 6.000000000000000000e+01 4.000000000000000000e+00 1.675000000000000000e+01 1.200000000000000000e+02 1.000000000000000056e-01 2.000000000000000000e+01 1.992500000000000000e+02 3.000000000000000000e+00 1.000000000000000000e+00 2.182500000000000000e+02 5.755919999999999703e+01
2.000000000000000000e+00 8.000000000000000000e+01 1.200000000000000000e+02 0.000000000000000000e+00 0.000000000000000000e+00 0.000000000000000000e+00 2.000000000000000111e-01 4.000000000000000000e+01 1.600000000000000000e+02 4.000000000000000000e+00 6.000000000000000000e+01 1.400000000000000000e+02 5.835269999999999868e+01
2.000000000000000000e+00 8.000000000000000000e+01 1.200000000000000000e+02 0.000000000000000000e+00 0.000000000000000000e+00 0.000000000000000000e+00 2.000000000000000111e-01 1.000000000000000000e+00 1.990000000000000000e+02 2.000000000000000000e+00 2.000000000000000000e+01 1.800000000000000000e+02 5.658840000000000003e+01
4.000000000000000000e+00 2.250000000000000000e+01 6.000000000000000000e+01 4.000000000000000000e+00 1.675000000000000000e+01 1.200000000000000000e+02 5.000000000000000278e-02 8.000000000000000000e+01 1.392500000000000000e+02 3.000000000000000000e+00 4.000000000000000000e+01 1.792500000000000000e+02 5.760640000000000072e+01
2.000000000000000000e+00 8.000000000000000000e+01 1.200000000000000000e+02 0.000000000000000000e+00 0.000000000000000000e+00 0.000000000000000000e+00 5.000000000000000278e-02 1.000000000000000000e+00 1.990000000000000000e+02 4.000000000000000000e+00 1.000000000000000000e+00 1.990000000000000000e+02 5.848599999999999710e+01
2.000000000000000000e+00 8.000000000000000000e+01 1.200000000000000000e+02 0.000000000000000000e+00 0.000000000000000000e+00 0.000000000000000000e+00 1.000000000000000000e+00 2.000000000000000000e+01 1.800000000000000000e+02 3.000000000000000000e+00 6.000000000000000000e+01 1.400000000000000000e+02 5.676429999999999865e+01
4.000000000000000000e+00 2.250000000000000000e+01 6.000000000000000000e+01 4.000000000000000000e+00 1.675000000000000000e+01 1.200000000000000000e+02 2.000000000000000111e-01 8.000000000000000000e+01 1.392500000000000000e+02 3.000000000000000000e+00 2.000000000000000000e+01 1.992500000000000000e+02 5.747059999999999746e+01
2.000000000000000000e+00 8.000000000000000000e+01 1.200000000000000000e+02 0.000000000000000000e+00 0.000000000000000000e+00 0.000000000000000000e+00 5.000000000000000000e-01 1.000000000000000000e+00 1.990000000000000000e+02 4.000000000000000000e+00 4.000000000000000000e+01 1.600000000000000000e+02 5.808760000000000190e+01
2.000000000000000000e+00 4.500000000000000000e+01 6.000000000000000000e+01 2.000000000000000000e+00 3.350000000000000000e+01 1.200000000000000000e+02 1.000000000000000000e+00 4.000000000000000000e+01 2.185000000000000000e+02 2.000000000000000000e+00 8.000000000000000000e+01 1.785000000000000000e+02 5.588219999999999743e+01
2.000000000000000000e+00 8.000000000000000000e+01 1.200000000000000000e+02 0.000000000000000000e+00 0.000000000000000000e+00 0.000000000000000000e+00 2.000000000000000111e-01 8.000000000000000000e+01 1.200000000000000000e+02 4.000000000000000000e+00 2.000000000000000000e+01 1.800000000000000000e+02 5.837400000000000233e+01
2.000000000000000000e+00 4.500000000000000000e+01 6.000000000000000000e+01 2.000000000000000000e+00 3.350000000000000000e+01 1.200000000000000000e+02 2.000000000000000111e-01 4.000000000000000000e+01 2.185000000000000000e+02 4.000000000000000000e+00 1.000000000000000000e+00 2.575000000000000000e+02 5.835280000000000200e+01
4.000000000000000000e+00 2.250000000000000000e+01 6.000000000000000000e+01 4.000000000000000000e+00 1.675000000000000000e+01 1.200000000000000000e+02 5.000000000000000000e-01 8.000000000000000000e+01 1.392500000000000000e+02 2.000000000000000000e+00 1.000000000000000000e+00 2.182500000000000000e+02 5.632319999999999993e+01
2.000000000000000000e+00 4.500000000000000000e+01 6.000000000000000000e+01 2.000000000000000000e+00 3.350000000000000000e+01 1.200000000000000000e+02 1.000000000000000000e+00 4.000000000000000000e+01 2.185000000000000000e+02 4.000000000000000000e+00 6.000000000000000000e+01 1.985000000000000000e+02 5.764639999999999986e+01
2.000000000000000000e+00 4.500000000000000000e+01 6.000000000000000000e+01 2.000000000000000000e+00 3.350000000000000000e+01 1.200000000000000000e+02 1.000000000000000021e-02 8.000000000000000000e+01 1.785000000000000000e+02 3.000000000000000000e+00 8.000000000000000000e+01 1.785000000000000000e+02 5.764099999999999824e+01
4.000000000000000000e+00 2.250000000000000000e+01 6.000000000000000000e+01 4.000000000000000000e+00 1.675000000000000000e+01 1.200000000000000000e+02 1.000000000000000056e-01 4.000000000000000000e+01 1.792500000000000000e+02 2.000000000000000000e+00 8.000000000000000000e+01 1.392500000000000000e+02 5.667699999999999960e+01
2.000000000000000000e+00 4.500000000000000000e+01 6.000000000000000000e+01 2.000000000000000000e+00 3.350000000000000000e+01 1.200000000000000000e+02 1.000000000000000056e-01 2.000000000000000000e+01 2.385000000000000000e+02 4.000000000000000000e+00 1.000000000000000000e+00 2.575000000000000000e+02 5.844129999999999825e+01
1.000000000000000000e+00 9.000000000000000000e+01 6.000000000000000000e+01 1.000000000000000000e+00 6.700000000000000000e+01 1.200000000000000000e+02 1.000000000000000000e+00 1.000000000000000000e+00 3.360000000000000000e+02 4.000000000000000000e+00 1.000000000000000000e+00 3.360000000000000000e+02 5.764699999999999847e+01
4.000000000000000000e+00 2.250000000000000000e+01 6.000000000000000000e+01 4.000000000000000000e+00 1.675000000000000000e+01 1.200000000000000000e+02 1.000000000000000056e-01 2.000000000000000000e+01 1.992500000000000000e+02 3.000000000000000000e+00 8.000000000000000000e+01 1.392500000000000000e+02 5.755919999999999703e+01
1.000000000000000000e+00 9.000000000000000000e+01 6.000000000000000000e+01 1.000000000000000000e+00 6.700000000000000000e+01 1.200000000000000000e+02 5.000000000000000278e-02 1.000000000000000000e+00 3.360000000000000000e+02 4.000000000000000000e+00 6.000000000000000000e+01 2.770000000000000000e+02 5.848510000000000275e+01
2.000000000000000000e+00 4.500000000000000000e+01 6.000000000000000000e+01 2.000000000000000000e+00 3.350000000000000000e+01 1.200000000000000000e+02 1.000000000000000021e-02 4.000000000000000000e+01 2.185000000000000000e+02 3.000000000000000000e+00 2.000000000000000000e+01 2.385000000000000000e+02 5.763960000000000150e+01
2.000000000000000000e+00 4.500000000000000000e+01 6.000000000000000000e+01 2.000000000000000000e+00 3.350000000000000000e+01 1.200000000000000000e+02 1.000000000000000056e-01 2.000000000000000000e+01 2.385000000000000000e+02 3.000000000000000000e+00 8.000000000000000000e+01 1.785000000000000000e+02 5.755919999999999703e+01
4.000000000000000000e+00 2.250000000000000000e+01 6.000000000000000000e+01 4.000000000000000000e+00 1.675000000000000000e+01 1.200000000000000000e+02 1.000000000000000021e-02 8.000000000000000000e+01 1.392500000000000000e+02 2.000000000000000000e+00 4.000000000000000000e+01 1.792500000000000000e+02 5.676219999999999999e+01
4.000000000000000000e+00 2.250000000000000000e+01 6.000000000000000000e+01 4.000000000000000000e+00 1.675000000000000000e+01 1.200000000000000000e+02 5.000000000000000000e-01 1.000000000000000000e+00 2.182500000000000000e+02 3.000000000000000000e+00 4.000000000000000000e+01 1.792500000000000000e+02 5.720539999999999736e+01
2.000000000000000000e+00 8.000000000000000000e+01 1.200000000000000000e+02 0.000000000000000000e+00 0.000000000000000000e+00 0.000000000000000000e+00 5.000000000000000278e-02 4.000000000000000000e+01 1.600000000000000000e+02 4.000000000000000000e+00 8.000000000000000000e+01 1.200000000000000000e+02 5.851400000000000290e+01
2.000000000000000000e+00 8.000000000000000000e+01 1.200000000000000000e+02 0.000000000000000000e+00 0.000000000000000000e+00 0.000000000000000000e+00 1.000000000000000000e+00 6.000000000000000000e+01 1.400000000000000000e+02 3.000000000000000000e+00 4.000000000000000000e+01 1.600000000000000000e+02 5.676429999999999865e+01
4.000000000000000000e+00 2.250000000000000000e+01 6.000000000000000000e+01 4.000000000000000000e+00 1.675000000000000000e+01 1.200000000000000000e+02 2.000000000000000111e-01 1.000000000000000000e+00 2.182500000000000000e+02 3.000000000000000000e+00 2.000000000000000000e+01 1.992500000000000000e+02 5.747050000000000125e+01
2.000000000000000000e+00 4.500000000000000000e+01 6.000000000000000000e+01 2.000000000000000000e+00 3.350000000000000000e+01 1.200000000000000000e+02 1.000000000000000000e+00 6.000000000000000000e+01 1.985000000000000000e+02 2.000000000000000000e+00 1.000000000000000000e+00 2.575000000000000000e+02 5.588219999999999743e+01
1.000000000000000000e+00 9.000000000000000000e+01 6.000000000000000000e+01 1.000000000000000000e+00 6.700000000000000000e+01 1.200000000000000000e+02 5.000000000000000000e-01 1.000000000000000000e+00 3.360000000000000000e+02 4.000000000000000000e+00 6.000000000000000000e+01 2.770000000000000000e+02 5.808809999999999718e+01
1.000000000000000000e+00 9.000000000000000000e+01 6.000000000000000000e+01 1.000000000000000000e+00 6.700000000000000000e+01 1.200000000000000000e+02 1.000000000000000021e-02 4.000000000000000000e+01 2.970000000000000000e+02 4.000000000000000000e+00 1.000000000000000000e+00 3.360000000000000000e+02 5.852080000000000126e+01
4.000000000000000000e+00 2.250000000000000000e+01 6.000000000000000000e+01 4.000000000000000000e+00 1.675000000000000000e+01 1.200000000000000000e+02 5.000000000000000000e-01 6.000000000000000000e+01 1.592500000000000000e+02 4.000000000000000000e+00 6.000000000000000000e+01 1.592500000000000000e+02 5.808749999999999858e+01
4.000000000000000000e+00 2.250000000000000000e+01 6.000000000000000000e+01 4.000000000000000000e+00 1.675000000000000000e+01 1.200000000000000000e+02 1.000000000000000000e+00 8.000000000000000000e+01 1.392500000000000000e+02 2.000000000000000000e+00 8.000000000000000000e+01 1.392500000000000000e+02 5.588210000000000122e+01
4.000000000000000000e+00 2.250000000000000000e+01 6.000000000000000000e+01 4.000000000000000000e+00 1.675000000000000000e+01 1.200000000000000000e+02 1.000000000000000000e+00 4.000000000000000000e+01 1.792500000000000000e+02 4.000000000000000000e+00 6.000000000000000000e+01 1.592500000000000000e+02 5.764639999999999986e+01
1.000000000000000000e+00 9.000000000000000000e+01 6.000000000000000000e+01 1.000000000000000000e+00 6.700000000000000000e+01 1.200000000000000000e+02 5.000000000000000278e-02 2.000000000000000000e+01 3.170000000000000000e+02 4.000000000000000000e+00 4.000000000000000000e+01 2.970000000000000000e+02 5.848510000000000275e+01
2.000000000000000000e+00 8.000000000000000000e+01 1.200000000000000000e+02 0.000000000000000000e+00 0.000000000000000000e+00 0.000000000000000000e+00 5.000000000000000000e-01 8.000000000000000000e+01 1.200000000000000000e+02 3.000000000000000000e+00 4.000000000000000000e+01 1.600000000000000000e+02 5.721370000000000289e+01
2.000000000000000000e+00 8.000000000000000000e+01 1.200000000000000000e+02 0.000000000000000000e+00 0.000000000000000000e+00 0.000000000000000000e+00 1.000000000000000021e-02 8.000000000000000000e+01 1.200000000000000000e+02 3.000000000000000000e+00 2.000000000000000000e+01 1.800000000000000000e+02 5.767399999999999949e+01
2.000000000000000000e+00 4.500000000000000000e+01 6.000000000000000000e+01 2.000000000000000000e+00 3.350000000000000000e+01 1.200000000000000000e+02 1.000000000000000021e-02 8.000000000000000000e+01 1.785000000000000000e+02 4.000000000000000000e+00 2.000000000000000000e+01 2.385000000000000000e+02 5.852309999999999945e+01
2.000000000000000000e+00 8.000000000000000000e+01 1.200000000000000000e+02 0.000000000000000000e+00 0.000000000000000000e+00 0.000000000000000000e+00 2.000000000000000111e-01 4.000000000000000000e+01 1.600000000000000000e+02 2.000000000000000000e+00 4.000000000000000000e+01 1.600000000000000000e+02 5.658840000000000003e+01
2.000000000000000000e+00 4.500000000000000000e+01 6.000000000000000000e+01 2.000000000000000000e+00 3.350000000000000000e+01 1.200000000000000000e+02 1.000000000000000056e-01 1.000000000000000000e+00 2.575000000000000000e+02 3.000000000000000000e+00 8.000000000000000000e+01 1.785000000000000000e+02 5.755919999999999703e+01
2.000000000000000000e+00 4.500000000000000000e+01 6.000000000000000000e+01 2.000000000000000000e+00 3.350000000000000000e+01 1.200000000000000000e+02 1.000000000000000056e-01 4.000000000000000000e+01 2.185000000000000000e+02 3.000000000000000000e+00 4.000000000000000000e+01 2.185000000000000000e+02 5.755919999999999703e+01
2.000000000000000000e+00 4.500000000000000000e+01 6.000000000000000000e+01 2.000000000000000000e+00 3.350000000000000000e+01 1.200000000000000000e+02 1.000000000000000000e+00 6.000000000000000000e+01 1.985000000000000000e+02 3.000000000000000000e+00 4.000000000000000000e+01 2.185000000000000000e+02 5.676429999999999865e+01
2.000000000000000000e+00 4.500000000000000000e+01 6.000000000000000000e+01 2.000000000000000000e+00 3.350000000000000000e+01 1.200000000000000000e+02 2.000000000000000111e-01 4.000000000000000000e+01 2.185000000000000000e+02 4.000000000000000000e+00 4.000000000000000000e+01 2.185000000000000000e+02 5.835280000000000200e+01
1.000000000000000000e+00 9.000000000000000000e+01 6.000000000000000000e+01 1.000000000000000000e+00 6.700000000000000000e+01 1.200000000000000000e+02 5.000000000000000000e-01 4.000000000000000000e+01 2.970000000000000000e+02 4.000000000000000000e+00 2.000000000000000000e+01 3.170000000000000000e+02 5.808809999999999718e+01
2.000000000000000000e+00 8.000000000000000000e+01 1.200000000000000000e+02 0.000000000000000000e+00 0.000000000000000000e+00 0.000000000000000000e+00 1.000000000000000056e-01 8.000000000000000000e+01 1.200000000000000000e+02 4.000000000000000000e+00 2.000000000000000000e+01 1.800000000000000000e+02 5.846929999999999694e+01
2.000000000000000000e+00 4.500000000000000000e+01 6.000000000000000000e+01 2.000000000000000000e+00 3.350000000000000000e+01 1.200000000000000000e+02 5.000000000000000000e-01 4.000000000000000000e+01 2.185000000000000000e+02 2.000000000000000000e+00 2.000000000000000000e+01 2.385000000000000000e+02 5.632350000000000279e+01
1.000000000000000000e+00 9.000000000000000000e+01 6.000000000000000000e+01 1.000000000000000000e+00 6.700000000000000000e+01 1.200000000000000000e+02 1.000000000000000021e-02 8.000000000000000000e+01 2.570000000000000000e+02 3.000000000000000000e+00 4.000000000000000000e+01 2.970000000000000000e+02 5.763900000000000290e+01
4.000000000000000000e+00 2.250000000000000000e+01 6.000000000000000000e+01 4.000000000000000000e+00 1.675000000000000000e+01 1.200000000000000000e+02 5.000000000000000278e-02 8.000000000000000000e+01 1.392500000000000000e+02 2.000000000000000000e+00 6.000000000000000000e+01 1.592500000000000000e+02 5.672429999999999950e+01
2.000000000000000000e+00 4.500000000000000000e+01 6.000000000000000000e+01 2.000000000000000000e+00 3.350000000000000000e+01 1.200000000000000000e+02 2.000000000000000111e-01 1.000000000000000000e+00 2.575000000000000000e+02 4.000000000000000000e+00 2.000000000000000000e+01 2.385000000000000000e+02 5.835280000000000200e+01
1.000000000000000000e+00 9.000000000000000000e+01 6.000000000000000000e+01 1.000000000000000000e+00 6.700000000000000000e+01 1.200000000000000000e+02 1.000000000000000056e-01 2.000000000000000000e+01 3.170000000000000000e+02 2.000000000000000000e+00 2.000000000000000000e+01 3.170000000000000000e+02 5.667669999999999675e+01
1.000000000000000000e+00 9.000000000000000000e+01 6.000000000000000000e+01 1.000000000000000000e+00 6.700000000000000000e+01 1.200000000000000000e+02 1.000000000000000000e+00 8.000000000000000000e+01 2.570000000000000000e+02 4.000000000000000000e+00 2.000000000000000000e+01 3.170000000000000000e+02 5.764699999999999847e+01
2.000000000000000000e+00 8.000000000000000000e+01 1.200000000000000000e+02 0.000000000000000000e+00 0.000000000000000000e+00 0.000000000000000000e+00 2.000000000000000111e-01 6.000000000000000000e+01 1.400000000000000000e+02 4.000000000000000000e+00 6.000000000000000000e+01 1.400000000000000000e+02 5.835300000000000153e+01
4.000000000000000000e+00 2.250000000000000000e+01 6.000000000000000000e+01 4.000000000000000000e+00 1.675000000000000000e+01 1.200000000000000000e+02 5.000000000000000278e-02 1.000000000000000000e+00 2.182500000000000000e+02 3.000000000000000000e+00 4.000000000000000000e+01 1.792500000000000000e+02 5.760349999999999682e+01
1.000000000000000000e+00 9.000000000000000000e+01 6.000000000000000000e+01 1.000000000000000000e+00 6.700000000000000000e+01 1.200000000000000000e+02 1.000000000000000021e-02 4.000000000000000000e+01 2.970000000000000000e+02 4.000000000000000000e+00 4.000000000000000000e+01 2.970000000000000000e+02 5.852080000000000126e+01
2.000000000000000000e+00 8.000000000000000000e+01 1.200000000000000000e+02 0.000000000000000000e+00 0.000000000000000000e+00 0.000000000000000000e+00 1.000000000000000000e+00 6.000000000000000000e+01 1.400000000000000000e+02 2.000000000000000000e+00 1.000000000000000000e+00 1.990000000000000000e+02 5.588210000000000122e+01
2.000000000000000000e+00 4.500000000000000000e+01 6.000000000000000000e+01 2.000000000000000000e+00 3.350000000000000000e+01 1.200000000000000000e+02 1.000000000000000000e+00 1.000000000000000000e+00 2.575000000000000000e+02 4.000000000000000000e+00 6.000000000000000000e+01 1.985000000000000000e+02 5.764639999999999986e+01
2.000000000000000000e+00 8.000000000000000000e+01 1.200000000000000000e+02 0.000000000000000000e+00 0.000000000000000000e+00 0.000000000000000000e+00 1.000000000000000056e-01 2.000000000000000000e+01 1.800000000000000000e+02 4.000000000000000000e+00 1.000000000000000000e+00 1.990000000000000000e+02 5.844129999999999825e+01
2.000000000000000000e+00 8.000000000000000000e+01 1.200000000000000000e+02 0.000000000000000000e+00 0.000000000000000000e+00 0.000000000000000000e+00 1.000000000000000056e-01 2.000000000000000000e+01 1.800000000000000000e+02 2.000000000000000000e+00 1.000000000000000000e+00 1.990000000000000000e+02 5.667699999999999960e+01
2.000000000000000000e+00 8.000000000000000000e+01 1.200000000000000000e+02 0.000000000000000000e+00 0.000000000000000000e+00 0.000000000000000000e+00 5.000000000000000000e-01 6.000000000000000000e+01 1.400000000000000000e+02 2.000000000000000000e+00 8.000000000000000000e+01 1.200000000000000000e+02 5.633200000000000074e+01
2.000000000000000000e+00 4.500000000000000000e+01 6.000000000000000000e+01 2.000000000000000000e+00 3.350000000000000000e+01 1.200000000000000000e+02 1.000000000000000056e-01 8.000000000000000000e+01 1.785000000000000000e+02 2.000000000000000000e+00 8.000000000000000000e+01 1.785000000000000000e+02 5.667710000000000292e+01
