4.000000000000000000e+00 2.250000000000000000e+01 6.000000000000000000e+01 4.000000000000000000e+00 1.675000000000000000e+01 1.200000000000000000e+02 2.000000000000000111e-01 8.000000000000000000e+01 1.392500000000000000e+02 2.000000000000000000e+00 6.000000000000000000e+01 1.592500000000000000e+02 2.192500000000000000e+02
2.000000000000000000e+00 8.000000000000000000e+01 1.200000000000000000e+02 0.000000000000000000e+00 0.000000000000000000e+00 0.000000000000000000e+00 1.000000000000000000e+00 2.000000000000000000e+01 1.800000000000000000e+02 3.000000000000000000e+00 8.000000000000000000e+01 1.200000000000000000e+02 2.000000000000000000e+02
2.000000000000000000e+00 8.000000000000000000e+01 1.200000000000000000e+02 0.000000000000000000e+00 0.000000000000000000e+00 0.000000000000000000e+00 2.000000000000000111e-01 4.000000000000000000e+01 1.600000000000000000e+02 3.000000000000000000e+00 2.000000000000000000e+01 1.800000000000000000e+02 2.000000000000000000e+02
4.000000000000000000e+00 2.250000000000000000e+01 6.000000000000000000e+01 4.000000000000000000e+00 1.675000000000000000e+01 1.200000000000000000e+02 1.000000000000000056e-01 6.000000000000000000e+01 1.592500000000000000e+02 2.000000000000000000e+00 6.000000000000000000e+01 1.592500000000000000e+02 2.192500000000000000e+02
2.000000000000000000e+00 8.000000000000000000e+01 1.200000000000000000e+02 0.000000000000000000e+00 0.000000000000000000e+00 0.000000000000000000e+00 5.000000000000000278e-02 8.000000000000000000e+01 1.200000000000000000e+02 2.000000000000000000e+00 2.000000000000000000e+01 1.800000000000000000e+02 2.000000000000000000e+02
2.000000000000000000e+00 4.500000000000000000e+01 6.000000000000000000e+01 2.000000000000000000e+00 3.350000000000000000e+01 1.200000000000000000e+02 5.000000000000000000e-01 4.000000000000000000e+01 2.185000000000000000e+02 2.000000000000000000e+00 1.000000000000000000e+00 2.575000000000000000e+02 2.585000000000000000e+02
1.000000000000000000e+00 9.000000000000000000e+01 6.000000000000000000e+01 1.000000000000000000e+00 6.700000000000000000e+01 1.200000000000000000e+02 2.000000000000000111e-01 2.000000000000000000e+01 3.170000000000000000e+02 2.000000000000000000e+00 2.000000000000000000e+01 3.170000000000000000e+02 3.370000000000000000e+02
2.000000000000000000e+00 8.000000000000000000e+01 1.200000000000000000e+02 0.000000000000000000e+00 0.000000000000000000e+00 0.000000000000000000e+00 1.000000000000000056e-01 4.000000000000000000e+01 1.600000000000000000e+02 2.000000000000000000e+00 8.000000000000000000e+01 1.200000000000000000e+02 2.000000000000000000e+02
1.000000000000000000e+00 9.000000000000000000e+01 6.000000000000000000e+01 1.000000000000000000e+00 6.700000000000000000e+01 1.200000000000000000e+02 1.000000000000000021e-02 1.000000000000000000e+00 3.360000000000000000e+02 4.000000000000000000e+00 2.000000000000000000e+01 3.170000000000000000e+02 3.370000000000000000e+02
4.000000000000000000e+00 2.250000000000000000e+01 6.000000000000000000e+01 4.000000000000000000e+00 1.675000000000000000e+01 1.200000000000000000e+02 1.000000000000000000e+00 1.000000000000000000e+00 2.182500000000000000e+02 4.000000000000000000e+00 2.000000000000000000e+01 1.992500000000000000e+02 2.192500000000000000e+02
1.000000000000000000e+00 9.000000000000000000e+01 6.000000000000000000e+01 1.000000000000000000e+00 6.700000000000000000e+01 1.200000000000000000e+02 1.000000000000000021e-02 2.000000000000000000e+01 3.170000000000000000e+02 3.000000000000000000e+00 2.000000000000000000e+01 3.170000000000000000e+02 3.370000000000000000e+02
1.000000000000000000e+00 9.000000000000000000e+01 6.000000000000000000e+01 1.000000000000000000e+00 6.700000000000000000e+01 1.200000000000000000e+02 5.000000000000000000e-01 6.000000000000000000e+01 2.770000000000000000e+02 4.000000000000000000e+00 2.000000000000000000e+01 3.170000000000000000e+02 3.370000000000000000e+02
1.000000000000000000e+00 9.000000000000000000e+01 6.000000000000000000e+01 1.000000000000000000e+00 6.700000000000000000e+01 1.200000000000000000e+02 2.000000000000000111e-01 2.000000000000000000e+01 3.170000000000000000e+02 2.000000000000000000e+00 4.000000000000000000e+01 2.970000000000000000e+02 3.370000000000000000e+02
2.000000000000000000e+00 4.500000000000000000e+01 6.000000000000000000e+01 2.000000000000000000e+00 3.350000000000000000e+01 1.200000000000000000e+02 1.000000000000000000e+00 1.000000000000000000e+00 2.575000000000000000e+02 4.000000000000000000e+00 1.000000000000000000e+00 2.575000000000000000e+02 2.585000000000000000e+02
1.000000000000000000e+00 9.000000000000000000e+01 6.000000000000000000e+01 1.000000000000000000e+00 6.700000000000000000e+01 1.200000000000000000e+02 1.000000000000000021e-02 8.000000000000000000e+01 2.570000000000000000e+02 4.000000000000000000e+00 6.000000000000000000e+01 2.770000000000000000e+02 3.370000000000000000e+02
1.000000000000000000e+00 9.000000000000000000e+01 6.000000000000000000e+01 1.000000000000000000e+00 6.700000000000000000e+01 1.200000000000000000e+02 1.000000000000000000e+00 4.000000000000000000e+01 2.970000000000000000e+02 2.000000000000000000e+00 8.000000000000000000e+01 2.570000000000000000e+02 3.370000000000000000e+02
2.000000000000000000e+00 4.500000000000000000e+01 6.000000000000000000e+01 2.000000000000000000e+00 3.350000000000000000e+01 1.200000000000000000e+02 1.000000000000000021e-02 1.000000000000000000e+00 2.575000000000000000e+02 2.000000000000000000e+00 8.000000000000000000e+01 1.785000000000000000e+02 2.585000000000000000e+02
1.000000000000000000e+00 9.000000000000000000e+01 6.000000000000000000e+01 1.000000000000000000e+00 6.700000000000000000e+01 1.200000000000000000e+02 1.000000000000000056e-01 1.000000000000000000e+00 3.360000000000000000e+02 4.000000000000000000e+00 6.000000000000000000e+01 2.770000000000000000e+02 3.370000000000000000e+02
4.000000000000000000e+00 2.250000000000000000e+01 6.000000000000000000e+01 4.000000000000000000e+00 1.675000000000000000e+01 1.200000000000000000e+02 1.000000000000000021e-02 4.000000000000000000e+01 1.792500000000000000e+02 4.000000000000000000e+00 1.000000000000000000e+00 2.182500000000000000e+02 2.192500000000000000e+02
2.000000000000000000e+00 8.000000000000000000e+01 1.200000000000000000e+02 0.000000000000000000e+00 0.000000000000000000e+00 0.000000000000000000e+00 5.000000000000000000e-01 6.000000000000000000e+01 1.400000000000000000e+02 2.000000000000000000e+00 4.000000000000000000e+01 1.600000000000000000e+02 2.000000000000000000e+02
2.000000000000000000e+00 8.000000000000000000e+01 1.200000000000000000e+02 0.000000000000000000e+00 0.000000000000000000e+00 0.000000000000000000e+00 5.000000000000000000e-01 1.000000000000000000e+00 1.990000000000000000e+02 4.000000000000000000e+00 6.000000000000000000e+01 1.400000000000000000e+02 2.000000000000000000e+02
2.000000000000000000e+00 8.000000000000000000e+01 1.200000000000000000e+02 0.000000000000000000e+00 0.000000000000000000e+00 0.000000000000000000e+00 5.000000000000000000e-01 1.000000000000000000e+00 1.990000000000000000e+02 2.000000000000000000e+00 8.000000000000000000e+01 1.200000000000000000e+02 2.000000000000000000e+02
1.000000000000000000e+00 9.000000000000000000e+01 6.000000000000000000e+01 1.000000000000000000e+00 6.700000000000000000e+01 1.200000000000000000e+02 1.000000000000000021e-02 8.000000000000000000e+01 2.570000000000000000e+02 4.000000000000000000e+00 8.000000000000000000e+01 2.570000000000000000e+02 3.370000000000000000e+02
4.000000000000000000e+00 2.250000000000000000e+01 6.000000000000000000e+01 4.000000000000000000e+00 1.675000000000000000e+01 1.200000000000000000e+02 1.000000000000000000e+00 1.000000000000000000e+00 2.182500000000000000e+02 2.000000000000000000e+00 6.000000000000000000e+01 1.592500000000000000e+02 2.192500000000000000e+02
4.000000000000000000e+00 2.250000000000000000e+01 6.000000000000000000e+01 4.000000000000000000e+00 1.675000000000000000e+01 1.200000000000000000e+02 2.000000000000000111e-01 6.000000000000000000e+01 1.592500000000000000e+02 3.000000000000000000e+00 1.000000000000000000e+00 2.182500000000000000e+02 2.192500000000000000e+02
2.000000000000000000e+00 4.500000000000000000e+01 6.000000000000000000e+01 2.000000000000000000e+00 3.350000000000000000e+01 1.200000000000000000e+02 5.000000000000000278e-02 1.000000000000000000e+00 2.575000000000000000e+02 2.000000000000000000e+00 2.000000000000000000e+01 2.385000000000000000e+02 2.585000000000000000e+02
2.000000000000000000e+00 8.000000000000000000e+01 1.200000000000000000e+02 0.000000000000000000e+00 0.000000000000000000e+00 0.000000000000000000e+00 5.000000000000000278e-02 6.000000000000000000e+01 1.400000000000000000e+02 2.000000000000000000e+00 4.000000000000000000e+01 1.600000000000000000e+02 2.000000000000000000e+02
2.000000000000000000e+00 8.000000000000000000e+01 1.200000000000000000e+02 0.000000000000000000e+00 0.000000000000000000e+00 0.000000000000000000e+00 1.000000000000000056e-01 8.000000000000000000e+01 1.200000000000000000e+02 2.000000000000000000e+00 6.000000000000000000e+01 1.400000000000000000e+02 2.000000000000000000e+02
2.000000000000000000e+00 8.000000000000000000e+01 1.200000000000000000e+02 0.000000000000000000e+00 0.000000000000000000e+00 0.000000000000000000e+00 5.000000000000000278e-02 6.000000000000000000e+01 1.400000000000000000e+02 3.000000000000000000e+00 8.000000000000000000e+01 1.200000000000000000e+02 2.000000000000000000e+02
2.000000000000000000e+00 8.000000000000000000e+01 1.200000000000000000e+02 0.000000000000000000e+00 0.000000000000000000e+00 0.000000000000000000e+00 5.000000000000000000e-01 6.000000000000000000e+01 1.400000000000000000e+02 4.000000000000000000e+00 4.000000000000000000e+01 1.600000000000000000e+02 2.000000000000000000e+02
4.000000000000000000e+00 2.250000000000000000e+01 6.000000000000000000e+01 4.000000000000000000e+00 1.675000000000000000e+01 1.200000000000000000e+02 1.000000000000000056e-01 8.000000000000000000e+01 1.392500000000000000e+02 3.000000000000000000e+00 8.000000000000000000e+01 1.392500000000000000e+02 2.192500000000000000e+02
1.000000000000000000e+00 9.000000000000000000e+01 6.000000000000000000e+01 1.000000000000000000e+00 6.700000000000000000e+01 1.200000000000000000e+02 1.000000000000000000e+00 1.000000000000000000e+00 3.360000000000000000e+02 2.000000000000000000e+00 1.000000000000000000e+00 3.360000000000000000e+02 3.370000000000000000e+02
2.000000000000000000e+00 8.000000000000000000e+01 1.200000000000000000e+02 0.000000000000000000e+00 0.000000000000000000e+00 0.000000000000000000e+00 1.000000000000000056e-01 2.000000000000000000e+01 1.800000000000000000e+02 4.000000000000000000e+00 2.000000000000000000e+01 1.800000000000000000e+02 2.000000000000000000e+02
1.000000000000000000e+00 9.000000000000000000e+01 6.000000000000000000e+01 1.000000000000000000e+00 6.700000000000000000e+01 1.200000000000000000e+02 1.000000000000000056e-01 2.000000000000000000e+01 3.170000000000000000e+02 2.000000000000000000e+00 2.000000000000000000e+01 3.170000000000000000e+02 3.370000000000000000e+02
1.000000000000000000e+00 9.000000000000000000e+01 6.000000000000000000e+01 1.000000000000000000e+00 6.700000000000000000e+01 1.200000000000000000e+02 5.000000000000000278e-02 8.000000000000000000e+01 2.570000000000000000e+02 2.000000000000000000e+00 8.000000000000000000e+01 2.570000000000000000e+02 3.370000000000000000e+02
2.000000000000000000e+00 4.500000000000000000e+01 6.000000000000000000e+01 2.000000000000000000e+00 3.350000000000000000e+01 1.200000000000000000e+02 1.000000000000000000e+00 2.000000000000000000e+01 2.385000000000000000e+02 4.000000000000000000e+00 6.000000000000000000e+01 1.985000000000000000e+02 2.585000000000000000e+02
2.000000000000000000e+00 8.000000000000000000e+01 1.200000000000000000e+02 0.000000000000000000e+00 0.000000000000000000e+00 0.000000000000000000e+00 1.000000000000000021e-02 6.000000000000000000e+01 1.400000000000000000e+02 4.000000000000000000e+00 8.000000000000000000e+01 1.200000000000000000e+02 2.000000000000000000e+02
4.000000000000000000e+00 2.250000000000000000e+01 6.000000000000000000e+01 4.000000000000000000e+00 1.675000000000000000e+01 1.200000000000000000e+02 1.000000000000000056e-01 2.000000000000000000e+01 1.992500000000000000e+02 3.000000000000000000e+00 6.000000000000000000e+01 1.592500000000000000e+02 2.192500000000000000e+02
4.000000000000000000e+00 2.250000000000000000e+01 6.000000000000000000e+01 4.000000000000000000e+00 1.675000000000000000e+01 1.200000000000000000e+02 1.000000000000000056e-01 6.000000000000000000e+01 1.592500000000000000e+02 2.000000000000000000e+00 2.000000000000000000e+01 1.992500000000000000e+02 2.192500000000000000e+02
2.000000000000000000e+00 4.500000000000000000e+01 6.000000000000000000e+01 2.000000000000000000e+00 3.350000000000000000e+01 1.200000000000000000e+02 1.000000000000000021e-02 1.000000000000000000e+00 2.575000000000000000e+02 4.000000000000000000e+00 4.000000000000000000e+01 2.185000000000000000e+02 2.585000000000000000e+02
4.000000000000000000e+00 2.250000000000000000e+01 6.000000000000000000e+01 4.000000000000000000e+00 1.675000000000000000e+01 1.200000000000000000e+02 1.000000000000000000e+00 8.000000000000000000e+01 1.392500000000000000e+02 3.000000000000000000e+00 6.000000000000000000e+01 1.592500000000000000e+02 2.192500000000000000e+02
2.000000000000000000e+00 8.000000000000000000e+01 1.200000000000000000e+02 0.000000000000000000e+00 0.000000000000000000e+00 0.000000000000000000e+00 1.000000000000000021e-02 1.000000000000000000e+00 1.990000000000000000e+02 3.000000000000000000e+00 4.000000000000000000e+01 1.600000000000000000e+02 2.000000000000000000e+02
1.000000000000000000e+00 9.000000000000000000e+01 6.000000000000000000e+01 1.000000000000000000e+00 6.700000000000000000e+01 1.200000000000000000e+02 5.000000000000000278e-02 4.000000000000000000e+01 2.970000000000000000e+02 2.000000000000000000e+00 6.000000000000000000e+01 2.770000000000000000e+02 3.370000000000000000e+02
4.000000000000000000e+00 2.250000000000000000e+01 6.000000000000000000e+01 4.000000000000000000e+00 1.675000000000000000e+01 1.200000000000000000e+02 2.000000000000000111e-01 8.000000000000000000e+01 1.392500000000000000e+02 3.000000000000000000e+00 2.000000000000000000e+01 1.992500000000000000e+02 2.192500000000000000e+02
2.000000000000000000e+00 8.000000000000000000e+01 1.200000000000000000e+02 0.000000000000000000e+00 0.000000000000000000e+00 0.000000000000000000e+00 1.000000000000000021e-02 6.000000000000000000e+01 1.400000000000000000e+02 2.000000000000000000e+00 1.000000000000000000e+00 1.990000000000000000e+02 2.000000000000000000e+02
2.000000000000000000e+00 8.000000000000000000e+01 1.200000000000000000e+02 0.000000000000000000e+00 0.000000000000000000e+00 0.000000000000000000e+00 1.000000000000000000e+00 4.000000000000000000e+01 1.600000000000000000e+02 3.000000000000000000e+00 6.000000000000000000e+01 1.400000000000000000e+02 2.000000000000000000e+02
2.000000000000000000e+00 4.500000000000000000e+01 6.000000000000000000e+01 2.000000000000000000e+00 3.350000000000000000e+01 1.200000000000000000e+02 5.000000000000000278e-02 6.000000000000000000e+01 1.985000000000000000e+02 2.000000000000000000e+00 2.000000000000000000e+01 2.385000000000000000e+02 2.585000000000000000e+02
2.000000000000000000e+00 8.000000000000000000e+01 1.200000000000000000e+02 0.000000000000000000e+00 0.000000000000000000e+00 0.000000000000000000e+00 5.000000000000000278e-02 8.000000000000000000e+01 1.200000000000000000e+02 3.000000000000000000e+00 1.000000000000000000e+00 1.990000000000000000e+02 2.000000000000000000e+02
4.000000000000000000e+00 2.250000000000000000e+01 6.000000000000000000e+01 4.000000000000000000e+00 1.675000000000000000e+01 1.200000000000000000e+02 2.000000000000000111e-01 4.000000000000000000e+01 1.792500000000000000e+02 4.000000000000000000e+00 1.000000000000000000e+00 2.182500000000000000e+02 2.192500000000000000e+02
2.000000000000000000e+00 8.000000000000000000e+01 1.200000000000000000e+02 0.000000000000000000e+00 0.000000000000000000e+00 0.000000000000000000e+00 1.000000000000000000e+00 8.000000000000000000e+01 1.200000000000000000e+02 4.000000000000000000e+00 8.000000000000000000e+01 1.200000000000000000e+02 2.000000000000000000e+02
2.000000000000000000e+00 8.000000000000000000e+01 1.200000000000000000e+02 0.000000000000000000e+00 0.000000000000000000e+00 0.000000000000000000e+00 5.000000000000000278e-02 2.000000000000000000e+01 1.800000000000000000e+02 4.000000000000000000e+00 8.000000000000000000e+01 1.200000000000000000e+02 2.000000000000000000e+02
4.000000000000000000e+00 2.250000000000000000e+01 6.000000000000000000e+01 4.000000000000000000e+00 1.675000000000000000e+01 1.200000000000000000e+02 1.000000000000000056e-01 8.000000000000000000e+01 1.392500000000000000e+02 2.000000000000000000e+00 2.000000000000000000e+01 1.992500000000000000e+02 2.192500000000000000e+02
1.000000000000000000e+00 9.000000000000000000e+01 6.000000000000000000e+01 1.000000000000000000e+00 6.700000000000000000e+01 1.200000000000000000e+02 1.000000000000000056e-01 8.000000000000000000e+01 2.570000000000000000e+02 3.000000000000000000e+00 2.000000000000000000e+01 3.170000000000000000e+02 3.370000000000000000e+02
1.000000000000000000e+00 9.000000000000000000e+01 6.000000000000000000e+01 1.000000000000000000e+00 6.700000000000000000e+01 1.200000000000000000e+02 1.000000000000000000e+00 1.000000000000000000e+00 3.360000000000000000e+02 3.000000000000000000e+00 6.000000000000000000e+01 2.770000000000000000e+02 3.370000000000000000e+02
2.000000000000000000e+00 8.000000000000000000e+01 1.200000000000000000e+02 0.000000000000000000e+00 0.000000000000000000e+00 0.000000000000000000e+00 1.000000000000000056e-01 4.000000000000000000e+01 1.600000000000000000e+02 4.000000000000000000e+00 4.000000000000000000e+01 1.600000000000000000e+02 2.000000000000000000e+02
2.000000000000000000e+00 4.500000000000000000e+01 6.000000000000000000e+01 2.000000000000000000e+00 3.350000000000000000e+01 1.200000000000000000e+02 1.000000000000000000e+00 6.000000000000000000e+01 1.985000000000000000e+02 3.000000000000000000e+00 8.000000000000000000e+01 1.785000000000000000e+02 2.585000000000000000e+02
1.000000000000000000e+00 9.000000000000000000e+01 6.000000000000000000e+01 1.000000000000000000e+00 6.700000000000000000e+01 1.200000000000000000e+02 5.000000000000000000e-01 8.000000000000000000e+01 2.570000000000000000e+02 2.000000000000000000e+00 1.000000000000000000e+00 3.360000000000000000e+02 3.370000000000000000e+02
1.000000000000000000e+00 9.000000000000000000e+01 6.000000000000000000e+01 1.000000000000000000e+00 6.700000000000000000e+01 1.200000000000000000e+02 5.000000000000000000e-01 4.000000000000000000e+01 2.970000000000000000e+02 2.000000000000000000e+00 4.000000000000000000e+01 2.970000000000000000e+02 3.370000000000000000e+02
2.000000000000000000e+00 8.000000000000000000e+01 1.200000000000000000e+02 0.000000000000000000e+00 0.000000000000000000e+00 0.000000000000000000e+00 2.000000000000000111e-01 8.000000000000000000e+01 1.200000000000000000e+02 2.000000000000000000e+00 4.000000000000000000e+01 1.600000000000000000e+02 2.000000000000000000e+02
4.000000000000000000e+00 2.250000000000000000e+01 6.000000000000000000e+01 4.000000000000000000e+00 1.675000000000000000e+01 1.200000000000000000e+02 1.000000000000000000e+00 6.000000000000000000e+01 1.592500000000000000e+02 3.000000000000000000e+00 1.000000000000000000e+00 2.182500000000000000e+02 2.192500000000000000e+02
4.000000000000000000e+00 2.250000000000000000e+01 6.000000000000000000e+01 4.000000000000000000e+00 1.675000000000000000e+01 1.200000000000000000e+02 5.000000000000000000e-01 6.000000000000000000e+01 1.592500000000000000e+02 3.000000000000000000e+00 1.000000000000000000e+00 2.182500000000000000e+02 2.192500000000000000e+02
2.000000000000000000e+00 4.500000000000000000e+01 6.000000000000000000e+01 2.000000000000000000e+00 3.350000000000000000e+01 1.200000000000000000e+02 5.000000000000000278e-02 1.000000000000000000e+00 2.575000000000000000e+02 2.000000000000000000e+00 8.000000000000000000e+01 1.785000000000000000e+02 2.585000000000000000e+02
2.000000000000000000e+00 8.000000000000000000e+01 1.200000000000000000e+02 0.000000000000000000e+00 0.000000000000000000e+00 0.000000000000000000e+00 5.000000000000000278e-02 1.000000000000000000e+00 1.990000000000000000e+02 3.000000000000000000e+00 6.000000000000000000e+01 1.400000000000000000e+02 2.000000000000000000e+02
1.000000000000000000e+00 9.000000000000000000e+01 6.000000000000000000e+01 1.000000000000000000e+00 6.700000000000000000e+01 1.200000000000000000e+02 2.000000000000000111e-01 8.000000000000000000e+01 2.570000000000000000e+02 4.000000000000000000e+00 2.000000000000000000e+01 3.170000000000000000e+02 3.370000000000000000e+02
1.000000000000000000e+00 9.000000000000000000e+01 6.000000000000000000e+01 1.000000000000000000e+00 6.700000000000000000e+01 1.200000000000000000e+02 1.000000000000000000e+00 8.000000000000000000e+01 2.570000000000000000e+02 2.000000000000000000e+00 1.000000000000000000e+00 3.360000000000000000e+02 3.370000000000000000e+02
4.000000000000000000e+00 2.250000000000000000e+01 6.000000000000000000e+01 4.000000000000000000e+00 1.675000000000000000e+01 1.200000000000000000e+02 1.000000000000000000e+00 4.000000000000000000e+01 1.792500000000000000e+02 2.000000000000000000e+00 6.000000000000000000e+01 1.592500000000000000e+02 2.192500000000000000e+02
2.000000000000000000e+00 8.000000000000000000e+01 1.200000000000000000e+02 0.000000000000000000e+00 0.000000000000000000e+00 0.000000000000000000e+00 5.000000000000000278e-02 8.000000000000000000e+01 1.200000000000000000e+02 4.000000000000000000e+00 4.000000000000000000e+01 1.600000000000000000e+02 2.000000000000000000e+02
1.000000000000000000e+00 9.000000000000000000e+01 6.000000000000000000e+01 1.000000000000000000e+00 6.700000000000000000e+01 1.200000000000000000e+02 5.000000000000000278e-02 4.000000000000000000e+01 2.970000000000000000e+02 4.000000000000000000e+00 4.000000000000000000e+01 2.970000000000000000e+02 3.370000000000000000e+02
1.000000000000000000e+00 9.000000000000000000e+01 6.000000000000000000e+01 1.000000000000000000e+00 6.700000000000000000e+01 1.200000000000000000e+02 5.000000000000000000e-01 6.000000000000000000e+01 2.770000000000000000e+02 3.000000000000000000e+00 8.000000000000000000e+01 2.570000000000000000e+02 3.370000000000000000e+02
4.000000000000000000e+00 2.250000000000000000e+01 6.000000000000000000e+01 4.000000000000000000e+00 1.675000000000000000e+01 1.200000000000000000e+02 5.000000000000000278e-02 1.000000000000000000e+00 2.182500000000000000e+02 4.000000000000000000e+00 8.000000000000000000e+01 1.392500000000000000e+02 2.192500000000000000e+02
2.000000000000000000e+00 8.000000000000000000e+01 1.200000000000000000e+02 0.000000000000000000e+00 0.000000000000000000e+00 0.000000000000000000e+00 5.000000000000000000e-01 8.000000000000000000e+01 1.200000000000000000e+02 3.000000000000000000e+00 8.000000000000000000e+01 1.200000000000000000e+02 2.000000000000000000e+02
2.000000000000000000e+00 8.000000000000000000e+01 1.200000000000000000e+02 0.000000000000000000e+00 0.000000000000000000e+00 0.000000000000000000e+00 1.000000000000000056e-01 6.000000000000000000e+01 1.400000000000000000e+02 4.000000000000000000e+00 8.000000000000000000e+01 1.200000000000000000e+02 2.000000000000000000e+02
4.000000000000000000e+00 2.250000000000000000e+01 6.000000000000000000e+01 4.000000000000000000e+00 1.675000000000000000e+01 1.200000000000000000e+02 5.000000000000000278e-02 2.000000000000000000e+01 1.992500000000000000e+02 3.000000000000000000e+00 2.000000000000000000e+01 1.992500000000000000e+02 2.192500000000000000e+02
4.000000000000000000e+00 2.250000000000000000e+01 6.000000000000000000e+01 4.000000000000000000e+00 1.675000000000000000e+01 1.200000000000000000e+02 2.000000000000000111e-01 1.000000000000000000e+00 2.182500000000000000e+02 3.000000000000000000e+00 4.000000000000000000e+01 1.792500000000000000e+02 2.192500000000000000e+02
1.000000000000000000e+00 9.000000000000000000e+01 6.000000000000000000e+01 1.000000000000000000e+00 6.700000000000000000e+01 1.200000000000000000e+02 1.000000000000000000e+00 6.000000000000000000e+01 2.770000000000000000e+02 4.000000000000000000e+00 1.000000000000000000e+00 3.360000000000000000e+02 3.370000000000000000e+02
4.000000000000000000e+00 2.250000000000000000e+01 6.000000000000000000e+01 4.000000000000000000e+00 1.675000000000000000e+01 1.200000000000000000e+02 5.000000000000000278e-02 1.000000000000000000e+00 2.182500000000000000e+02 2.000000000000000000e+00 2.000000000000000000e+01 1.992500000000000000e+02 2.192500000000000000e+02
4.000000000000000000e+00 2.250000000000000000e+01 6.000000000000000000e+01 4.000000000000000000e+00 1.675000000000000000e+01 1.200000000000000000e+02 1.000000000000000056e-01 8.000000000000000000e+01 1.392500000000000000e+02 4.000000000000000000e+00 8.000000000000000000e+01 1.392500000000000000e+02 2.192500000000000000e+02
2.000000000000000000e+00 4.500000000000000000e+01 6.000000000000000000e+01 2.000000000000000000e+00 3.350000000000000000e+01 1.200000000000000000e+02 1.000000000000000000e+00 6.000000000000000000e+01 1.985000000000000000e+02 4.000000000000000000e+00 8.000000000000000000e+01 1.785000000000000000e+02 2.585000000000000000e+02
4.000000000000000000e+00 2.250000000000000000e+01 6.000000000000000000e+01 4.000000000000000000e+00 1.675000000000000000e+01 1.200000000000000000e+02 1.000000000000000000e+00 2.000000000000000000e+01 1.992500000000000000e+02 3.000000000000000000e+00 2.000000000000000000e+01 1.992500000000000000e+02 2.192500000000000000e+02
4.000000000000000000e+00 2.250000000000000000e+01 6.000000000000000000e+01 4.000000000000000000e+00 1.675000000000000000e+01 1.200000000000000000e+02 5.000000000000000278e-02 8.000000000000000000e+01 1.392500000000000000e+02 2.000000000000000000e+00 8.000000000000000000e+01 1.392500000000000000e+02 2.192500000000000000e+02
4.000000000000000000e+00 2.250000000000000000e+01 6.000000000000000000e+01 4.000000000000000000e+00 1.675000000000000000e+01 1.200000000000000000e+02 5.000000000000000000e-01 1.000000000000000000e+00 2.182500000000000000e+02 2.000000000000000000e+00 2.000000000000000000e+01 1.992500000000000000e+02 2.192500000000000000e+02
2.000000000000000000e+00 4.500000000000000000e+01 6.000000000000000000e+01 2.000000000000000000e+00 3.350000000000000000e+01 1.200000000000000000e+02 5.000000000000000000e-01 6.000000000000000000e+01 1.985000000000000000e+02 4.000000000000000000e+00 4.000000000000000000e+01 2.185000000000000000e+02 2.585000000000000000e+02
1.000000000000000000e+00 9.000000000000000000e+01 6.000000000000000000e+01 1.000000000000000000e+00 6.700000000000000000e+01 1.200000000000000000e+02 1.000000000000000021e-02 1.000000000000000000e+00 3.360000000000000000e+02 4.000000000000000000e+00 1.000000000000000000e+00 3.360000000000000000e+02 3.370000000000000000e+02
1.000000000000000000e+00 9.000000000000000000e+01 6.000000000000000000e+01 1.000000000000000000e+00 6.700000000000000000e+01 1.200000000000000000e+02 1.000000000000000021e-02 8.000000000000000000e+01 2.570000000000000000e+02 2.000000000000000000e+00 1.000000000000000000e+00 3.360000000000000000e+02 3.370000000000000000e+02
4.000000000000000000e+00 2.250000000000000000e+01 6.000000000000000000e+01 4.000000000000000000e+00 1.675000000000000000e+01 1.200000000000000000e+02 5.000000000000000278e-02 1.000000000000000000e+00 2.182500000000000000e+02 2.000000000000000000e+00 1.000000000000000000e+00 2.182500000000000000e+02 2.192500000000000000e+02
1.000000000000000000e+00 9.000000000000000000e+01 6.000000000000000000e+01 1.000000000000000000e+00 6.700000000000000000e+01 1.200000000000000000e+02 2.000000000000000111e-01 6.000000000000000000e+01 2.770000000000000000e+02 2.000000000000000000e+00 4.000000000000000000e+01 2.970000000000000000e+02 3.370000000000000000e+02
2.000000000000000000e+00 8.000000000000000000e+01 1.200000000000000000e+02 0.000000000000000000e+00 0.000000000000000000e+00 0.000000000000000000e+00 1.000000000000000021e-02 6.000000000000000000e+01 1.400000000000000000e+02 2.000000000000000000e+00 4.000000000000000000e+01 1.600000000000000000e+02 2.000000000000000000e+02
1.000000000000000000e+00 9.000000000000000000e+01 6.000000000000000000e+01 1.000000000000000000e+00 6.700000000000000000e+01 1.200000000000000000e+02 2.000000000000000111e-01 8.000000000000000000e+01 2.570000000000000000e+02 4.000000000000000000e+00 8.000000000000000000e+01 2.570000000000000000e+02 3.370000000000000000e+02
1.000000000000000000e+00 9.000000000000000000e+01 6.000000000000000000e+01 1.000000000000000000e+00 6.700000000000000000e+01 1.200000000000000000e+02 2.000000000000000111e-01 1.000000000000000000e+00 3.360000000000000000e+02 2.000000000000000000e+00 6.000000000000000000e+01 2.770000000000000000e+02 3.370000000000000000e+02
1.000000000000000000e+00 9.000000000000000000e+01 6.000000000000000000e+01 1.000000000000000000e+00 6.700000000000000000e+01 1.200000000000000000e+02 5.000000000000000000e-01 1.000000000000000000e+00 3.360000000000000000e+02 2.000000000000000000e+00 6.000000000000000000e+01 2.770000000000000000e+02 3.370000000000000000e+02
2.000000000000000000e+00 4.500000000000000000e+01 6.000000000000000000e+01 2.000000000000000000e+00 3.350000000000000000e+01 1.200000000000000000e+02 1.000000000000000021e-02 4.000000000000000000e+01 2.185000000000000000e+02 4.000000000000000000e+00 1.000000000000000000e+00 2.575000000000000000e+02 2.585000000000000000e+02
2.000000000000000000e+00 8.000000000000000000e+01 1.200000000000000000e+02 0.000000000000000000e+00 0.000000000000000000e+00 0.000000000000000000e+00 5.000000000000000278e-02 2.000000000000000000e+01 1.800000000000000000e+02 4.000000000000000000e+00 2.000000000000000000e+01 1.800000000000000000e+02 2.000000000000000000e+02
4.000000000000000000e+00 2.250000000000000000e+01 6.000000000000000000e+01 4.000000000000000000e+00 1.675000000000000000e+01 1.200000000000000000e+02 5.000000000000000000e-01 1.000000000000000000e+00 2.182500000000000000e+02 2.000000000000000000e+00 1.000000000000000000e+00 2.182500000000000000e+02 2.192500000000000000e+02
2.000000000000000000e+00 8.000000000000000000e+01 1.200000000000000000e+02 0.000000000000000000e+00 0.000000000000000000e+00 0.000000000000000000e+00 1.000000000000000056e-01 6.000000000000000000e+01 1.400000000000000000e+02 2.000000000000000000e+00 2.000000000000000000e+01 1.800000000000000000e+02 2.000000000000000000e+02
4.000000000000000000e+00 2.250000000000000000e+01 6.000000000000000000e+01 4.000000000000000000e+00 1.675000000000000000e+01 1.200000000000000000e+02 1.000000000000000021e-02 4.000000000000000000e+01 1.792500000000000000e+02 3.000000000000000000e+00 1.000000000000000000e+00 2.182500000000000000e+02 2.192500000000000000e+02
2.000000000000000000e+00 8.000000000000000000e+01 1.200000000000000000e+02 0.000000000000000000e+00 0.000000000000000000e+00 0.000000000000000000e+00 1.000000000000000000e+00 4.000000000000000000e+01 1.600000000000000000e+02 3.000000000000000000e+00 2.000000000000000000e+01 1.800000000000000000e+02 2.000000000000000000e+02
4.000000000000000000e+00 2.250000000000000000e+01 6.000000000000000000e+01 4.000000000000000000e+00 1.675000000000000000e+01 1.200000000000000000e+02 5.000000000000000278e-02 8.000000000000000000e+01 1.392500000000000000e+02 2.000000000000000000e+00 6.000000000000000000e+01 1.592500000000000000e+02 2.192500000000000000e+02
4.000000000000000000e+00 2.250000000000000000e+01 6.000000000000000000e+01 4.000000000000000000e+00 1.675000000000000000e+01 1.200000000000000000e+02 5.000000000000000000e-01 1.000000000000000000e+00 2.182500000000000000e+02 4.000000000000000000e+00 6.000000000000000000e+01 1.592500000000000000e+02 2.192500000000000000e+02
2.000000000000000000e+00 8.000000000000000000e+01 1.200000000000000000e+02 0.000000000000000000e+00 0.000000000000000000e+00 0.000000000000000000e+00 5.000000000000000000e-01 8.000000000000000000e+01 1.200000000000000000e+02 3.000000000000000000e+00 6.000000000000000000e+01 1.400000000000000000e+02 2.000000000000000000e+02
4.000000000000000000e+00 2.250000000000000000e+01 6.000000000000000000e+01 4.000000000000000000e+00 1.675000000000000000e+01 1.200000000000000000e+02 5.000000000000000000e-01 1.000000000000000000e+00 2.182500000000000000e+02 4.000000000000000000e+00 4.000000000000000000e+01 1.792500000000000000e+02 2.192500000000000000e+02
