2.000000000000000000e+00 8.000000000000000000e+01 1.200000000000000000e+02 0.000000000000000000e+00 0.000000000000000000e+00 0.000000000000000000e+00 2.000000000000000111e-01 6.000000000000000000e+01 1.400000000000000000e+02 4.000000000000000000e+00 4.000000000000000000e+01 1.600000000000000000e+02 8.927344997995569997e+01
1.000000000000000000e+00 9.000000000000000000e+01 6.000000000000000000e+01 1.000000000000000000e+00 6.700000000000000000e+01 1.200000000000000000e+02 1.000000000000000000e+00 1.000000000000000000e+00 3.360000000000000000e+02 4.000000000000000000e+00 8.000000000000000000e+01 2.570000000000000000e+02 1.437403165933189975e+01
2.000000000000000000e+00 4.500000000000000000e+01 6.000000000000000000e+01 2.000000000000000000e+00 3.350000000000000000e+01 1.200000000000000000e+02 2.000000000000000111e-01 2.000000000000000000e+01 2.385000000000000000e+02 4.000000000000000000e+00 4.000000000000000000e+01 2.185000000000000000e+02 8.923022548920070562e+01
4.000000000000000000e+00 2.250000000000000000e+01 6.000000000000000000e+01 4.000000000000000000e+00 1.675000000000000000e+01 1.200000000000000000e+02 1.000000000000000000e+00 2.000000000000000000e+01 1.992500000000000000e+02 4.000000000000000000e+00 2.000000000000000000e+01 1.992500000000000000e+02 1.436369354672359933e+01
2.000000000000000000e+00 4.500000000000000000e+01 6.000000000000000000e+01 2.000000000000000000e+00 3.350000000000000000e+01 1.200000000000000000e+02 2.000000000000000111e-01 6.000000000000000000e+01 1.985000000000000000e+02 4.000000000000000000e+00 4.000000000000000000e+01 2.185000000000000000e+02 8.924426066452750206e+01
4.000000000000000000e+00 2.250000000000000000e+01 6.000000000000000000e+01 4.000000000000000000e+00 1.675000000000000000e+01 1.200000000000000000e+02 5.000000000000000000e-01 4.000000000000000000e+01 1.792500000000000000e+02 4.000000000000000000e+00 1.000000000000000000e+00 2.182500000000000000e+02 8.587124130384229659e+01
2.000000000000000000e+00 8.000000000000000000e+01 1.200000000000000000e+02 0.000000000000000000e+00 0.000000000000000000e+00 0.000000000000000000e+00 5.000000000000000000e-01 2.000000000000000000e+01 1.800000000000000000e+02 4.000000000000000000e+00 6.000000000000000000e+01 1.400000000000000000e+02 8.574158783121069405e+01
2.000000000000000000e+00 4.500000000000000000e+01 6.000000000000000000e+01 2.000000000000000000e+00 3.350000000000000000e+01 1.200000000000000000e+02 1.000000000000000000e+00 1.000000000000000000e+00 2.575000000000000000e+02 2.000000000000000000e+00 4.000000000000000000e+01 2.185000000000000000e+02 4.292759171999160017e+00
1.000000000000000000e+00 9.000000000000000000e+01 6.000000000000000000e+01 1.000000000000000000e+00 6.700000000000000000e+01 1.200000000000000000e+02 5.000000000000000278e-02 6.000000000000000000e+01 2.770000000000000000e+02 4.000000000000000000e+00 8.000000000000000000e+01 2.570000000000000000e+02 0.000000000000000000e+00
2.000000000000000000e+00 8.000000000000000000e+01 1.200000000000000000e+02 0.000000000000000000e+00 0.000000000000000000e+00 0.000000000000000000e+00 1.000000000000000000e+00 1.000000000000000000e+00 1.990000000000000000e+02 2.000000000000000000e+00 8.000000000000000000e+01 1.200000000000000000e+02 1.401978992350060071e+00
1.000000000000000000e+00 9.000000000000000000e+01 6.000000000000000000e+01 1.000000000000000000e+00 6.700000000000000000e+01 1.200000000000000000e+02 5.000000000000000000e-01 2.000000000000000000e+01 3.170000000000000000e+02 2.000000000000000000e+00 4.000000000000000000e+01 2.970000000000000000e+02 1.656534808059809905e+01
4.000000000000000000e+00 2.250000000000000000e+01 6.000000000000000000e+01 4.000000000000000000e+00 1.675000000000000000e+01 1.200000000000000000e+02 1.000000000000000056e-01 2.000000000000000000e+01 1.992500000000000000e+02 3.000000000000000000e+00 4.000000000000000000e+01 1.792500000000000000e+02 7.934035932609900499e+01
1.000000000000000000e+00 9.000000000000000000e+01 6.000000000000000000e+01 1.000000000000000000e+00 6.700000000000000000e+01 1.200000000000000000e+02 1.000000000000000000e+00 8.000000000000000000e+01 2.570000000000000000e+02 3.000000000000000000e+00 6.000000000000000000e+01 2.770000000000000000e+02 1.095282010414499929e+01
2.000000000000000000e+00 4.500000000000000000e+01 6.000000000000000000e+01 2.000000000000000000e+00 3.350000000000000000e+01 1.200000000000000000e+02 5.000000000000000278e-02 4.000000000000000000e+01 2.185000000000000000e+02 3.000000000000000000e+00 6.000000000000000000e+01 1.985000000000000000e+02 0.000000000000000000e+00
1.000000000000000000e+00 9.000000000000000000e+01 6.000000000000000000e+01 1.000000000000000000e+00 6.700000000000000000e+01 1.200000000000000000e+02 1.000000000000000000e+00 4.000000000000000000e+01 2.970000000000000000e+02 2.000000000000000000e+00 4.000000000000000000e+01 2.970000000000000000e+02 6.335802506373720000e+00
2.000000000000000000e+00 4.500000000000000000e+01 6.000000000000000000e+01 2.000000000000000000e+00 3.350000000000000000e+01 1.200000000000000000e+02 1.000000000000000000e+00 4.000000000000000000e+01 2.185000000000000000e+02 3.000000000000000000e+00 2.000000000000000000e+01 2.385000000000000000e+02 1.163393659912680000e+01
2.000000000000000000e+00 4.500000000000000000e+01 6.000000000000000000e+01 2.000000000000000000e+00 3.350000000000000000e+01 1.200000000000000000e+02 5.000000000000000278e-02 1.000000000000000000e+00 2.575000000000000000e+02 2.000000000000000000e+00 1.000000000000000000e+00 2.575000000000000000e+02 0.000000000000000000e+00
4.000000000000000000e+00 2.250000000000000000e+01 6.000000000000000000e+01 4.000000000000000000e+00 1.675000000000000000e+01 1.200000000000000000e+02 1.000000000000000000e+00 1.000000000000000000e+00 2.182500000000000000e+02 3.000000000000000000e+00 2.000000000000000000e+01 1.992500000000000000e+02 9.233408351513119783e+00
2.000000000000000000e+00 4.500000000000000000e+01 6.000000000000000000e+01 2.000000000000000000e+00 3.350000000000000000e+01 1.200000000000000000e+02 2.000000000000000111e-01 4.000000000000000000e+01 2.185000000000000000e+02 4.000000000000000000e+00 2.000000000000000000e+01 2.385000000000000000e+02 8.934568311953900377e+01
2.000000000000000000e+00 8.000000000000000000e+01 1.200000000000000000e+02 0.000000000000000000e+00 0.000000000000000000e+00 0.000000000000000000e+00 2.000000000000000111e-01 8.000000000000000000e+01 1.200000000000000000e+02 4.000000000000000000e+00 4.000000000000000000e+01 1.600000000000000000e+02 2.840898888853890014e+01
2.000000000000000000e+00 4.500000000000000000e+01 6.000000000000000000e+01 2.000000000000000000e+00 3.350000000000000000e+01 1.200000000000000000e+02 5.000000000000000278e-02 1.000000000000000000e+00 2.575000000000000000e+02 3.000000000000000000e+00 4.000000000000000000e+01 2.185000000000000000e+02 7.814373051802839809e-01
4.000000000000000000e+00 2.250000000000000000e+01 6.000000000000000000e+01 4.000000000000000000e+00 1.675000000000000000e+01 1.200000000000000000e+02 1.000000000000000000e+00 6.000000000000000000e+01 1.592500000000000000e+02 4.000000000000000000e+00 1.000000000000000000e+00 2.182500000000000000e+02 1.607948730895810030e+01
4.000000000000000000e+00 2.250000000000000000e+01 6.000000000000000000e+01 4.000000000000000000e+00 1.675000000000000000e+01 1.200000000000000000e+02 2.000000000000000111e-01 6.000000000000000000e+01 1.592500000000000000e+02 2.000000000000000000e+00 1.000000000000000000e+00 2.182500000000000000e+02 8.882093290404439756e+01
2.000000000000000000e+00 8.000000000000000000e+01 1.200000000000000000e+02 0.000000000000000000e+00 0.000000000000000000e+00 0.000000000000000000e+00 5.000000000000000278e-02 1.000000000000000000e+00 1.990000000000000000e+02 4.000000000000000000e+00 2.000000000000000000e+01 1.800000000000000000e+02 5.908239448398259697e+01
2.000000000000000000e+00 8.000000000000000000e+01 1.200000000000000000e+02 0.000000000000000000e+00 0.000000000000000000e+00 0.000000000000000000e+00 1.000000000000000000e+00 8.000000000000000000e+01 1.200000000000000000e+02 2.000000000000000000e+00 2.000000000000000000e+01 1.800000000000000000e+02 6.440815253071169977e+00
2.000000000000000000e+00 4.500000000000000000e+01 6.000000000000000000e+01 2.000000000000000000e+00 3.350000000000000000e+01 1.200000000000000000e+02 1.000000000000000000e+00 4.000000000000000000e+01 2.185000000000000000e+02 3.000000000000000000e+00 8.000000000000000000e+01 1.785000000000000000e+02 8.246917389010240740e+00
1.000000000000000000e+00 9.000000000000000000e+01 6.000000000000000000e+01 1.000000000000000000e+00 6.700000000000000000e+01 1.200000000000000000e+02 5.000000000000000000e-01 1.000000000000000000e+00 3.360000000000000000e+02 3.000000000000000000e+00 4.000000000000000000e+01 2.970000000000000000e+02 2.467817554889159837e+01
1.000000000000000000e+00 9.000000000000000000e+01 6.000000000000000000e+01 1.000000000000000000e+00 6.700000000000000000e+01 1.200000000000000000e+02 1.000000000000000000e+00 8.000000000000000000e+01 2.570000000000000000e+02 4.000000000000000000e+00 6.000000000000000000e+01 2.770000000000000000e+02 1.556092426304319964e+01
2.000000000000000000e+00 8.000000000000000000e+01 1.200000000000000000e+02 0.000000000000000000e+00 0.000000000000000000e+00 0.000000000000000000e+00 2.000000000000000111e-01 2.000000000000000000e+01 1.800000000000000000e+02 3.000000000000000000e+00 2.000000000000000000e+01 1.800000000000000000e+02 8.919549618917139355e+01
2.000000000000000000e+00 8.000000000000000000e+01 1.200000000000000000e+02 0.000000000000000000e+00 0.000000000000000000e+00 0.000000000000000000e+00 2.000000000000000111e-01 8.000000000000000000e+01 1.200000000000000000e+02 3.000000000000000000e+00 4.000000000000000000e+01 1.600000000000000000e+02 1.920290124861849890e+01
1.000000000000000000e+00 9.000000000000000000e+01 6.000000000000000000e+01 1.000000000000000000e+00 6.700000000000000000e+01 1.200000000000000000e+02 2.000000000000000111e-01 6.000000000000000000e+01 2.770000000000000000e+02 4.000000000000000000e+00 2.000000000000000000e+01 3.170000000000000000e+02 8.931599157536639666e+01
1.000000000000000000e+00 9.000000000000000000e+01 6.000000000000000000e+01 1.000000000000000000e+00 6.700000000000000000e+01 1.200000000000000000e+02 5.000000000000000000e-01 2.000000000000000000e+01 3.170000000000000000e+02 4.000000000000000000e+00 1.000000000000000000e+00 3.360000000000000000e+02 3.136620375514970149e+01
2.000000000000000000e+00 8.000000000000000000e+01 1.200000000000000000e+02 0.000000000000000000e+00 0.000000000000000000e+00 0.000000000000000000e+00 1.000000000000000021e-02 4.000000000000000000e+01 1.600000000000000000e+02 4.000000000000000000e+00 1.000000000000000000e+00 1.990000000000000000e+02 6.903612078895520199e+01
2.000000000000000000e+00 8.000000000000000000e+01 1.200000000000000000e+02 0.000000000000000000e+00 0.000000000000000000e+00 0.000000000000000000e+00 5.000000000000000278e-02 8.000000000000000000e+01 1.200000000000000000e+02 4.000000000000000000e+00 4.000000000000000000e+01 1.600000000000000000e+02 3.006650556519440087e+01
1.000000000000000000e+00 9.000000000000000000e+01 6.000000000000000000e+01 1.000000000000000000e+00 6.700000000000000000e+01 1.200000000000000000e+02 1.000000000000000056e-01 6.000000000000000000e+01 2.770000000000000000e+02 3.000000000000000000e+00 6.000000000000000000e+01 2.770000000000000000e+02 8.142105959590099928e+01
1.000000000000000000e+00 9.000000000000000000e+01 6.000000000000000000e+01 1.000000000000000000e+00 6.700000000000000000e+01 1.200000000000000000e+02 1.000000000000000056e-01 1.000000000000000000e+00 3.360000000000000000e+02 2.000000000000000000e+00 4.000000000000000000e+01 2.970000000000000000e+02 8.238471334766090592e+01
2.000000000000000000e+00 8.000000000000000000e+01 1.200000000000000000e+02 0.000000000000000000e+00 0.000000000000000000e+00 0.000000000000000000e+00 1.000000000000000000e+00 8.000000000000000000e+01 1.200000000000000000e+02 2.000000000000000000e+00 6.000000000000000000e+01 1.400000000000000000e+02 1.401978992350060071e+00
2.000000000000000000e+00 4.500000000000000000e+01 6.000000000000000000e+01 2.000000000000000000e+00 3.350000000000000000e+01 1.200000000000000000e+02 1.000000000000000056e-01 2.000000000000000000e+01 2.385000000000000000e+02 4.000000000000000000e+00 6.000000000000000000e+01 1.985000000000000000e+02 8.030096656831059931e+01
1.000000000000000000e+00 9.000000000000000000e+01 6.000000000000000000e+01 1.000000000000000000e+00 6.700000000000000000e+01 1.200000000000000000e+02 1.000000000000000056e-01 2.000000000000000000e+01 3.170000000000000000e+02 4.000000000000000000e+00 8.000000000000000000e+01 2.570000000000000000e+02 8.500305355248370631e+01
2.000000000000000000e+00 4.500000000000000000e+01 6.000000000000000000e+01 2.000000000000000000e+00 3.350000000000000000e+01 1.200000000000000000e+02 1.000000000000000000e+00 6.000000000000000000e+01 1.985000000000000000e+02 4.000000000000000000e+00 4.000000000000000000e+01 2.185000000000000000e+02 1.479031974282560036e+01
2.000000000000000000e+00 8.000000000000000000e+01 1.200000000000000000e+02 0.000000000000000000e+00 0.000000000000000000e+00 0.000000000000000000e+00 1.000000000000000021e-02 1.000000000000000000e+00 1.990000000000000000e+02 2.000000000000000000e+00 2.000000000000000000e+01 1.800000000000000000e+02 0.000000000000000000e+00
2.000000000000000000e+00 8.000000000000000000e+01 1.200000000000000000e+02 0.000000000000000000e+00 0.000000000000000000e+00 0.000000000000000000e+00 5.000000000000000278e-02 2.000000000000000000e+01 1.800000000000000000e+02 3.000000000000000000e+00 1.000000000000000000e+00 1.990000000000000000e+02 6.516803114194060242e+01
1.000000000000000000e+00 9.000000000000000000e+01 6.000000000000000000e+01 1.000000000000000000e+00 6.700000000000000000e+01 1.200000000000000000e+02 1.000000000000000056e-01 1.000000000000000000e+00 3.360000000000000000e+02 2.000000000000000000e+00 8.000000000000000000e+01 2.570000000000000000e+02 8.171336076497199485e+01
2.000000000000000000e+00 8.000000000000000000e+01 1.200000000000000000e+02 0.000000000000000000e+00 0.000000000000000000e+00 0.000000000000000000e+00 2.000000000000000111e-01 1.000000000000000000e+00 1.990000000000000000e+02 3.000000000000000000e+00 2.000000000000000000e+01 1.800000000000000000e+02 8.930017005973910216e+01
4.000000000000000000e+00 2.250000000000000000e+01 6.000000000000000000e+01 4.000000000000000000e+00 1.675000000000000000e+01 1.200000000000000000e+02 5.000000000000000000e-01 8.000000000000000000e+01 1.392500000000000000e+02 2.000000000000000000e+00 6.000000000000000000e+01 1.592500000000000000e+02 8.549001214040059438e+01
4.000000000000000000e+00 2.250000000000000000e+01 6.000000000000000000e+01 4.000000000000000000e+00 1.675000000000000000e+01 1.200000000000000000e+02 1.000000000000000000e+00 2.000000000000000000e+01 1.992500000000000000e+02 3.000000000000000000e+00 4.000000000000000000e+01 1.792500000000000000e+02 7.419599437002060149e+00
2.000000000000000000e+00 4.500000000000000000e+01 6.000000000000000000e+01 2.000000000000000000e+00 3.350000000000000000e+01 1.200000000000000000e+02 1.000000000000000056e-01 4.000000000000000000e+01 2.185000000000000000e+02 3.000000000000000000e+00 4.000000000000000000e+01 2.185000000000000000e+02 8.018514750128649382e+01
2.000000000000000000e+00 4.500000000000000000e+01 6.000000000000000000e+01 2.000000000000000000e+00 3.350000000000000000e+01 1.200000000000000000e+02 2.000000000000000111e-01 1.000000000000000000e+00 2.575000000000000000e+02 4.000000000000000000e+00 2.000000000000000000e+01 2.385000000000000000e+02 8.948742360178940203e+01
2.000000000000000000e+00 4.500000000000000000e+01 6.000000000000000000e+01 2.000000000000000000e+00 3.350000000000000000e+01 1.200000000000000000e+02 5.000000000000000000e-01 6.000000000000000000e+01 1.985000000000000000e+02 3.000000000000000000e+00 1.000000000000000000e+00 2.575000000000000000e+02 8.569492143811190488e+01
4.000000000000000000e+00 2.250000000000000000e+01 6.000000000000000000e+01 4.000000000000000000e+00 1.675000000000000000e+01 1.200000000000000000e+02 1.000000000000000000e+00 8.000000000000000000e+01 1.392500000000000000e+02 4.000000000000000000e+00 4.000000000000000000e+01 1.792500000000000000e+02 1.287485874857629931e+01
2.000000000000000000e+00 8.000000000000000000e+01 1.200000000000000000e+02 0.000000000000000000e+00 0.000000000000000000e+00 0.000000000000000000e+00 2.000000000000000111e-01 2.000000000000000000e+01 1.800000000000000000e+02 4.000000000000000000e+00 4.000000000000000000e+01 1.600000000000000000e+02 8.928956980108370090e+01
4.000000000000000000e+00 2.250000000000000000e+01 6.000000000000000000e+01 4.000000000000000000e+00 1.675000000000000000e+01 1.200000000000000000e+02 2.000000000000000111e-01 6.000000000000000000e+01 1.592500000000000000e+02 2.000000000000000000e+00 6.000000000000000000e+01 1.592500000000000000e+02 8.861635382277499673e+01
4.000000000000000000e+00 2.250000000000000000e+01 6.000000000000000000e+01 4.000000000000000000e+00 1.675000000000000000e+01 1.200000000000000000e+02 1.000000000000000056e-01 1.000000000000000000e+00 2.182500000000000000e+02 3.000000000000000000e+00 4.000000000000000000e+01 1.792500000000000000e+02 7.925540145429799566e+01
2.000000000000000000e+00 4.500000000000000000e+01 6.000000000000000000e+01 2.000000000000000000e+00 3.350000000000000000e+01 1.200000000000000000e+02 1.000000000000000056e-01 2.000000000000000000e+01 2.385000000000000000e+02 4.000000000000000000e+00 8.000000000000000000e+01 1.785000000000000000e+02 8.010037098816789580e+01
2.000000000000000000e+00 8.000000000000000000e+01 1.200000000000000000e+02 0.000000000000000000e+00 0.000000000000000000e+00 0.000000000000000000e+00 5.000000000000000000e-01 1.000000000000000000e+00 1.990000000000000000e+02 2.000000000000000000e+00 1.000000000000000000e+00 1.990000000000000000e+02 8.581007444977819887e+01
4.000000000000000000e+00 2.250000000000000000e+01 6.000000000000000000e+01 4.000000000000000000e+00 1.675000000000000000e+01 1.200000000000000000e+02 2.000000000000000111e-01 2.000000000000000000e+01 1.992500000000000000e+02 2.000000000000000000e+00 8.000000000000000000e+01 1.392500000000000000e+02 8.861718935679380138e+01
2.000000000000000000e+00 8.000000000000000000e+01 1.200000000000000000e+02 0.000000000000000000e+00 0.000000000000000000e+00 0.000000000000000000e+00 1.000000000000000000e+00 1.000000000000000000e+00 1.990000000000000000e+02 3.000000000000000000e+00 8.000000000000000000e+01 1.200000000000000000e+02 1.401978992350060071e+00
2.000000000000000000e+00 8.000000000000000000e+01 1.200000000000000000e+02 0.000000000000000000e+00 0.000000000000000000e+00 0.000000000000000000e+00 1.000000000000000021e-02 2.000000000000000000e+01 1.800000000000000000e+02 3.000000000000000000e+00 4.000000000000000000e+01 1.600000000000000000e+02 1.616875696064639989e+00
1.000000000000000000e+00 9.000000000000000000e+01 6.000000000000000000e+01 1.000000000000000000e+00 6.700000000000000000e+01 1.200000000000000000e+02 5.000000000000000000e-01 2.000000000000000000e+01 3.170000000000000000e+02 3.000000000000000000e+00 8.000000000000000000e+01 2.570000000000000000e+02 2.186399936850779824e+01
4.000000000000000000e+00 2.250000000000000000e+01 6.000000000000000000e+01 4.000000000000000000e+00 1.675000000000000000e+01 1.200000000000000000e+02 2.000000000000000111e-01 1.000000000000000000e+00 2.182500000000000000e+02 2.000000000000000000e+00 6.000000000000000000e+01 1.592500000000000000e+02 8.873299614927519485e+01
1.000000000000000000e+00 9.000000000000000000e+01 6.000000000000000000e+01 1.000000000000000000e+00 6.700000000000000000e+01 1.200000000000000000e+02 2.000000000000000111e-01 1.000000000000000000e+00 3.360000000000000000e+02 2.000000000000000000e+00 2.000000000000000000e+01 3.170000000000000000e+02 8.899190026125070574e+01
4.000000000000000000e+00 2.250000000000000000e+01 6.000000000000000000e+01 4.000000000000000000e+00 1.675000000000000000e+01 1.200000000000000000e+02 1.000000000000000021e-02 4.000000000000000000e+01 1.792500000000000000e+02 4.000000000000000000e+00 1.000000000000000000e+00 2.182500000000000000e+02 0.000000000000000000e+00
2.000000000000000000e+00 8.000000000000000000e+01 1.200000000000000000e+02 0.000000000000000000e+00 0.000000000000000000e+00 0.000000000000000000e+00 1.000000000000000021e-02 8.000000000000000000e+01 1.200000000000000000e+02 4.000000000000000000e+00 2.000000000000000000e+01 1.800000000000000000e+02 3.305320599826939798e+01
4.000000000000000000e+00 2.250000000000000000e+01 6.000000000000000000e+01 4.000000000000000000e+00 1.675000000000000000e+01 1.200000000000000000e+02 5.000000000000000000e-01 1.000000000000000000e+00 2.182500000000000000e+02 3.000000000000000000e+00 8.000000000000000000e+01 1.392500000000000000e+02 8.566501024437120293e+01
2.000000000000000000e+00 8.000000000000000000e+01 1.200000000000000000e+02 0.000000000000000000e+00 0.000000000000000000e+00 0.000000000000000000e+00 1.000000000000000021e-02 8.000000000000000000e+01 1.200000000000000000e+02 2.000000000000000000e+00 2.000000000000000000e+01 1.800000000000000000e+02 1.345735640353830043e+01
2.000000000000000000e+00 8.000000000000000000e+01 1.200000000000000000e+02 0.000000000000000000e+00 0.000000000000000000e+00 0.000000000000000000e+00 1.000000000000000000e+00 8.000000000000000000e+01 1.200000000000000000e+02 2.000000000000000000e+00 1.000000000000000000e+00 1.990000000000000000e+02 6.553356804460229945e+00
1.000000000000000000e+00 9.000000000000000000e+01 6.000000000000000000e+01 1.000000000000000000e+00 6.700000000000000000e+01 1.200000000000000000e+02 5.000000000000000000e-01 6.000000000000000000e+01 2.770000000000000000e+02 3.000000000000000000e+00 6.000000000000000000e+01 2.770000000000000000e+02 1.951542631013199980e+01
4.000000000000000000e+00 2.250000000000000000e+01 6.000000000000000000e+01 4.000000000000000000e+00 1.675000000000000000e+01 1.200000000000000000e+02 1.000000000000000056e-01 8.000000000000000000e+01 1.392500000000000000e+02 2.000000000000000000e+00 1.000000000000000000e+00 2.182500000000000000e+02 8.845067185379529917e+01
1.000000000000000000e+00 9.000000000000000000e+01 6.000000000000000000e+01 1.000000000000000000e+00 6.700000000000000000e+01 1.200000000000000000e+02 1.000000000000000021e-02 8.000000000000000000e+01 2.570000000000000000e+02 3.000000000000000000e+00 1.000000000000000000e+00 3.360000000000000000e+02 0.000000000000000000e+00
4.000000000000000000e+00 2.250000000000000000e+01 6.000000000000000000e+01 4.000000000000000000e+00 1.675000000000000000e+01 1.200000000000000000e+02 1.000000000000000056e-01 1.000000000000000000e+00 2.182500000000000000e+02 2.000000000000000000e+00 2.000000000000000000e+01 1.992500000000000000e+02 7.924088212068170378e+01
2.000000000000000000e+00 4.500000000000000000e+01 6.000000000000000000e+01 2.000000000000000000e+00 3.350000000000000000e+01 1.200000000000000000e+02 5.000000000000000000e-01 6.000000000000000000e+01 1.985000000000000000e+02 2.000000000000000000e+00 4.000000000000000000e+01 2.185000000000000000e+02 8.550222046413530563e+01
4.000000000000000000e+00 2.250000000000000000e+01 6.000000000000000000e+01 4.000000000000000000e+00 1.675000000000000000e+01 1.200000000000000000e+02 1.000000000000000000e+00 2.000000000000000000e+01 1.992500000000000000e+02 3.000000000000000000e+00 6.000000000000000000e+01 1.592500000000000000e+02 7.432070787708950022e+00
1.000000000000000000e+00 9.000000000000000000e+01 6.000000000000000000e+01 1.000000000000000000e+00 6.700000000000000000e+01 1.200000000000000000e+02 5.000000000000000278e-02 2.000000000000000000e+01 3.170000000000000000e+02 3.000000000000000000e+00 4.000000000000000000e+01 2.970000000000000000e+02 2.631420055182769890e-01
2.000000000000000000e+00 8.000000000000000000e+01 1.200000000000000000e+02 0.000000000000000000e+00 0.000000000000000000e+00 0.000000000000000000e+00 1.000000000000000056e-01 2.000000000000000000e+01 1.800000000000000000e+02 3.000000000000000000e+00 4.000000000000000000e+01 1.600000000000000000e+02 8.571950525311039826e+01
2.000000000000000000e+00 8.000000000000000000e+01 1.200000000000000000e+02 0.000000000000000000e+00 0.000000000000000000e+00 0.000000000000000000e+00 5.000000000000000000e-01 4.000000000000000000e+01 1.600000000000000000e+02 4.000000000000000000e+00 2.000000000000000000e+01 1.800000000000000000e+02 8.601099339093539697e+01
4.000000000000000000e+00 2.250000000000000000e+01 6.000000000000000000e+01 4.000000000000000000e+00 1.675000000000000000e+01 1.200000000000000000e+02 1.000000000000000021e-02 6.000000000000000000e+01 1.592500000000000000e+02 2.000000000000000000e+00 4.000000000000000000e+01 1.792500000000000000e+02 6.622931173824770212e+01
2.000000000000000000e+00 4.500000000000000000e+01 6.000000000000000000e+01 2.000000000000000000e+00 3.350000000000000000e+01 1.200000000000000000e+02 1.000000000000000000e+00 4.000000000000000000e+01 2.185000000000000000e+02 4.000000000000000000e+00 6.000000000000000000e+01 1.985000000000000000e+02 1.355109127265660085e+01
4.000000000000000000e+00 2.250000000000000000e+01 6.000000000000000000e+01 4.000000000000000000e+00 1.675000000000000000e+01 1.200000000000000000e+02 2.000000000000000111e-01 1.000000000000000000e+00 2.182500000000000000e+02 4.000000000000000000e+00 4.000000000000000000e+01 1.792500000000000000e+02 8.900761519377199704e+01
2.000000000000000000e+00 8.000000000000000000e+01 1.200000000000000000e+02 0.000000000000000000e+00 0.000000000000000000e+00 0.000000000000000000e+00 5.000000000000000278e-02 4.000000000000000000e+01 1.600000000000000000e+02 2.000000000000000000e+00 4.000000000000000000e+01 1.600000000000000000e+02 7.857453805660939850e+01
2.000000000000000000e+00 4.500000000000000000e+01 6.000000000000000000e+01 2.000000000000000000e+00 3.350000000000000000e+01 1.200000000000000000e+02 5.000000000000000000e-01 8.000000000000000000e+01 1.785000000000000000e+02 4.000000000000000000e+00 8.000000000000000000e+01 1.785000000000000000e+02 8.562176326631640677e+01
1.000000000000000000e+00 9.000000000000000000e+01 6.000000000000000000e+01 1.000000000000000000e+00 6.700000000000000000e+01 1.200000000000000000e+02 1.000000000000000056e-01 1.000000000000000000e+00 3.360000000000000000e+02 4.000000000000000000e+00 4.000000000000000000e+01 2.970000000000000000e+02 8.495417871491440565e+01
1.000000000000000000e+00 9.000000000000000000e+01 6.000000000000000000e+01 1.000000000000000000e+00 6.700000000000000000e+01 1.200000000000000000e+02 1.000000000000000000e+00 8.000000000000000000e+01 2.570000000000000000e+02 2.000000000000000000e+00 6.000000000000000000e+01 2.770000000000000000e+02 5.872896791661029958e+00
2.000000000000000000e+00 8.000000000000000000e+01 1.200000000000000000e+02 0.000000000000000000e+00 0.000000000000000000e+00 0.000000000000000000e+00 1.000000000000000021e-02 4.000000000000000000e+01 1.600000000000000000e+02 3.000000000000000000e+00 6.000000000000000000e+01 1.400000000000000000e+02 6.940941638599909425e+01
2.000000000000000000e+00 8.000000000000000000e+01 1.200000000000000000e+02 0.000000000000000000e+00 0.000000000000000000e+00 0.000000000000000000e+00 5.000000000000000278e-02 6.000000000000000000e+01 1.400000000000000000e+02 2.000000000000000000e+00 1.000000000000000000e+00 1.990000000000000000e+02 8.840906535542289646e+01
2.000000000000000000e+00 8.000000000000000000e+01 1.200000000000000000e+02 0.000000000000000000e+00 0.000000000000000000e+00 0.000000000000000000e+00 1.000000000000000056e-01 4.000000000000000000e+01 1.600000000000000000e+02 2.000000000000000000e+00 1.000000000000000000e+00 1.990000000000000000e+02 8.622687287016870528e+01
1.000000000000000000e+00 9.000000000000000000e+01 6.000000000000000000e+01 1.000000000000000000e+00 6.700000000000000000e+01 1.200000000000000000e+02 1.000000000000000021e-02 1.000000000000000000e+00 3.360000000000000000e+02 4.000000000000000000e+00 6.000000000000000000e+01 2.770000000000000000e+02 1.537899242131769983e-01
4.000000000000000000e+00 2.250000000000000000e+01 6.000000000000000000e+01 4.000000000000000000e+00 1.675000000000000000e+01 1.200000000000000000e+02 2.000000000000000111e-01 8.000000000000000000e+01 1.392500000000000000e+02 3.000000000000000000e+00 6.000000000000000000e+01 1.592500000000000000e+02 8.886501169154260538e+01
2.000000000000000000e+00 8.000000000000000000e+01 1.200000000000000000e+02 0.000000000000000000e+00 0.000000000000000000e+00 0.000000000000000000e+00 5.000000000000000000e-01 4.000000000000000000e+01 1.600000000000000000e+02 4.000000000000000000e+00 1.000000000000000000e+00 1.990000000000000000e+02 8.601368760452460549e+01
2.000000000000000000e+00 4.500000000000000000e+01 6.000000000000000000e+01 2.000000000000000000e+00 3.350000000000000000e+01 1.200000000000000000e+02 1.000000000000000021e-02 1.000000000000000000e+00 2.575000000000000000e+02 4.000000000000000000e+00 2.000000000000000000e+01 2.385000000000000000e+02 0.000000000000000000e+00
2.000000000000000000e+00 8.000000000000000000e+01 1.200000000000000000e+02 0.000000000000000000e+00 0.000000000000000000e+00 0.000000000000000000e+00 1.000000000000000000e+00 2.000000000000000000e+01 1.800000000000000000e+02 2.000000000000000000e+00 1.000000000000000000e+00 1.990000000000000000e+02 6.553356804460229945e+00
2.000000000000000000e+00 4.500000000000000000e+01 6.000000000000000000e+01 2.000000000000000000e+00 3.350000000000000000e+01 1.200000000000000000e+02 5.000000000000000278e-02 8.000000000000000000e+01 1.785000000000000000e+02 2.000000000000000000e+00 4.000000000000000000e+01 2.185000000000000000e+02 5.546811836021699804e+01
2.000000000000000000e+00 4.500000000000000000e+01 6.000000000000000000e+01 2.000000000000000000e+00 3.350000000000000000e+01 1.200000000000000000e+02 5.000000000000000278e-02 6.000000000000000000e+01 1.985000000000000000e+02 3.000000000000000000e+00 4.000000000000000000e+01 2.185000000000000000e+02 1.686646068745280003e+00
1.000000000000000000e+00 9.000000000000000000e+01 6.000000000000000000e+01 1.000000000000000000e+00 6.700000000000000000e+01 1.200000000000000000e+02 2.000000000000000111e-01 2.000000000000000000e+01 3.170000000000000000e+02 3.000000000000000000e+00 6.000000000000000000e+01 2.770000000000000000e+02 8.920014457888619575e+01
2.000000000000000000e+00 4.500000000000000000e+01 6.000000000000000000e+01 2.000000000000000000e+00 3.350000000000000000e+01 1.200000000000000000e+02 1.000000000000000000e+00 4.000000000000000000e+01 2.185000000000000000e+02 4.000000000000000000e+00 8.000000000000000000e+01 1.785000000000000000e+02 1.356043572743669934e+01
1.000000000000000000e+00 9.000000000000000000e+01 6.000000000000000000e+01 1.000000000000000000e+00 6.700000000000000000e+01 1.200000000000000000e+02 5.000000000000000000e-01 6.000000000000000000e+01 2.770000000000000000e+02 3.000000000000000000e+00 2.000000000000000000e+01 3.170000000000000000e+02 2.114804867979249892e+01
1.000000000000000000e+00 9.000000000000000000e+01 6.000000000000000000e+01 1.000000000000000000e+00 6.700000000000000000e+01 1.200000000000000000e+02 1.000000000000000000e+00 4.000000000000000000e+01 2.970000000000000000e+02 4.000000000000000000e+00 6.000000000000000000e+01 2.770000000000000000e+02 1.556092426304319964e+01
4.000000000000000000e+00 2.250000000000000000e+01 6.000000000000000000e+01 4.000000000000000000e+00 1.675000000000000000e+01 1.200000000000000000e+02 2.000000000000000111e-01 2.000000000000000000e+01 1.992500000000000000e+02 2.000000000000000000e+00 1.000000000000000000e+00 2.182500000000000000e+02 8.882171229728919570e+01
2.000000000000000000e+00 4.500000000000000000e+01 6.000000000000000000e+01 2.000000000000000000e+00 3.350000000000000000e+01 1.200000000000000000e+02 5.000000000000000278e-02 4.000000000000000000e+01 2.185000000000000000e+02 2.000000000000000000e+00 1.000000000000000000e+00 2.575000000000000000e+02 0.000000000000000000e+00
2.000000000000000000e+00 4.500000000000000000e+01 6.000000000000000000e+01 2.000000000000000000e+00 3.350000000000000000e+01 1.200000000000000000e+02 2.000000000000000111e-01 8.000000000000000000e+01 1.785000000000000000e+02 4.000000000000000000e+00 4.000000000000000000e+01 2.185000000000000000e+02 8.924429739743699486e+01
2.000000000000000000e+00 8.000000000000000000e+01 1.200000000000000000e+02 0.000000000000000000e+00 0.000000000000000000e+00 0.000000000000000000e+00 1.000000000000000000e+00 2.000000000000000000e+01 1.800000000000000000e+02 4.000000000000000000e+00 2.000000000000000000e+01 1.800000000000000000e+02 1.663949116533920147e+01
