1.000000000000000000e+00 9.000000000000000000e+01 6.000000000000000000e+01 1.000000000000000000e+00 6.700000000000000000e+01 1.200000000000000000e+02 1.000000000000000056e-01 8.000000000000000000e+01 2.570000000000000000e+02 2.000000000000000000e+00 6.000000000000000000e+01 2.770000000000000000e+02 2.123317651559689980e-11
2.000000000000000000e+00 8.000000000000000000e+01 1.200000000000000000e+02 0.000000000000000000e+00 0.000000000000000000e+00 0.000000000000000000e+00 1.000000000000000021e-02 4.000000000000000000e+01 1.600000000000000000e+02 3.000000000000000000e+00 1.000000000000000000e+00 1.990000000000000000e+02 4.927622634674780155e-11
2.000000000000000000e+00 4.500000000000000000e+01 6.000000000000000000e+01 2.000000000000000000e+00 3.350000000000000000e+01 1.200000000000000000e+02 1.000000000000000021e-02 8.000000000000000000e+01 1.785000000000000000e+02 3.000000000000000000e+00 1.000000000000000000e+00 2.575000000000000000e+02 4.927622634674780155e-11
4.000000000000000000e+00 2.250000000000000000e+01 6.000000000000000000e+01 4.000000000000000000e+00 1.675000000000000000e+01 1.200000000000000000e+02 1.000000000000000056e-01 8.000000000000000000e+01 1.392500000000000000e+02 3.000000000000000000e+00 4.000000000000000000e+01 1.792500000000000000e+02 2.742829512671480012e-11
4.000000000000000000e+00 2.250000000000000000e+01 6.000000000000000000e+01 4.000000000000000000e+00 1.675000000000000000e+01 1.200000000000000000e+02 1.000000000000000000e+00 4.000000000000000000e+01 1.792500000000000000e+02 4.000000000000000000e+00 1.000000000000000000e+00 2.182500000000000000e+02 7.359738423730100409e-11
2.000000000000000000e+00 4.500000000000000000e+01 6.000000000000000000e+01 2.000000000000000000e+00 3.350000000000000000e+01 1.200000000000000000e+02 1.000000000000000000e+00 6.000000000000000000e+01 1.985000000000000000e+02 4.000000000000000000e+00 1.000000000000000000e+00 2.575000000000000000e+02 7.703695695408380603e-11
2.000000000000000000e+00 4.500000000000000000e+01 6.000000000000000000e+01 2.000000000000000000e+00 3.350000000000000000e+01 1.200000000000000000e+02 5.000000000000000000e-01 6.000000000000000000e+01 1.985000000000000000e+02 4.000000000000000000e+00 1.000000000000000000e+00 2.575000000000000000e+02 7.703695695408380603e-11
2.000000000000000000e+00 4.500000000000000000e+01 6.000000000000000000e+01 2.000000000000000000e+00 3.350000000000000000e+01 1.200000000000000000e+02 1.000000000000000056e-01 4.000000000000000000e+01 2.185000000000000000e+02 4.000000000000000000e+00 1.000000000000000000e+00 2.575000000000000000e+02 7.703695695408380603e-11
4.000000000000000000e+00 2.250000000000000000e+01 6.000000000000000000e+01 4.000000000000000000e+00 1.675000000000000000e+01 1.200000000000000000e+02 1.000000000000000000e+00 4.000000000000000000e+01 1.792500000000000000e+02 4.000000000000000000e+00 2.000000000000000000e+01 1.992500000000000000e+02 6.354501031212399415e-11
2.000000000000000000e+00 4.500000000000000000e+01 6.000000000000000000e+01 2.000000000000000000e+00 3.350000000000000000e+01 1.200000000000000000e+02 5.000000000000000000e-01 2.000000000000000000e+01 2.385000000000000000e+02 4.000000000000000000e+00 6.000000000000000000e+01 1.985000000000000000e+02 6.529611049529009542e-11
4.000000000000000000e+00 2.250000000000000000e+01 6.000000000000000000e+01 4.000000000000000000e+00 1.675000000000000000e+01 1.200000000000000000e+02 5.000000000000000000e-01 1.000000000000000000e+00 2.182500000000000000e+02 3.000000000000000000e+00 8.000000000000000000e+01 1.392500000000000000e+02 3.389046482135100069e-11
2.000000000000000000e+00 8.000000000000000000e+01 1.200000000000000000e+02 0.000000000000000000e+00 0.000000000000000000e+00 0.000000000000000000e+00 1.000000000000000021e-02 8.000000000000000000e+01 1.200000000000000000e+02 4.000000000000000000e+00 1.000000000000000000e+00 1.990000000000000000e+02 7.703695695408380603e-11
4.000000000000000000e+00 2.250000000000000000e+01 6.000000000000000000e+01 4.000000000000000000e+00 1.675000000000000000e+01 1.200000000000000000e+02 2.000000000000000111e-01 8.000000000000000000e+01 1.392500000000000000e+02 3.000000000000000000e+00 8.000000000000000000e+01 1.392500000000000000e+02 2.769449798021669796e-13
2.000000000000000000e+00 4.500000000000000000e+01 6.000000000000000000e+01 2.000000000000000000e+00 3.350000000000000000e+01 1.200000000000000000e+02 1.000000000000000056e-01 8.000000000000000000e+01 1.785000000000000000e+02 3.000000000000000000e+00 2.000000000000000000e+01 2.385000000000000000e+02 4.873053170281929904e-11
2.000000000000000000e+00 4.500000000000000000e+01 6.000000000000000000e+01 2.000000000000000000e+00 3.350000000000000000e+01 1.200000000000000000e+02 1.000000000000000021e-02 6.000000000000000000e+01 1.985000000000000000e+02 3.000000000000000000e+00 1.000000000000000000e+00 2.575000000000000000e+02 4.927622634674780155e-11
4.000000000000000000e+00 2.250000000000000000e+01 6.000000000000000000e+01 4.000000000000000000e+00 1.675000000000000000e+01 1.200000000000000000e+02 5.000000000000000000e-01 1.000000000000000000e+00 2.182500000000000000e+02 4.000000000000000000e+00 6.000000000000000000e+01 1.592500000000000000e+02 6.171636776828569966e-11
2.000000000000000000e+00 4.500000000000000000e+01 6.000000000000000000e+01 2.000000000000000000e+00 3.350000000000000000e+01 1.200000000000000000e+02 5.000000000000000000e-01 4.000000000000000000e+01 2.185000000000000000e+02 4.000000000000000000e+00 8.000000000000000000e+01 1.785000000000000000e+02 6.692626721527449801e-12
2.000000000000000000e+00 8.000000000000000000e+01 1.200000000000000000e+02 0.000000000000000000e+00 0.000000000000000000e+00 0.000000000000000000e+00 5.000000000000000278e-02 2.000000000000000000e+01 1.800000000000000000e+02 4.000000000000000000e+00 6.000000000000000000e+01 1.400000000000000000e+02 4.314203892514630353e-12
1.000000000000000000e+00 9.000000000000000000e+01 6.000000000000000000e+01 1.000000000000000000e+00 6.700000000000000000e+01 1.200000000000000000e+02 1.000000000000000000e+00 1.000000000000000000e+00 3.360000000000000000e+02 3.000000000000000000e+00 6.000000000000000000e+01 2.770000000000000000e+02 4.810467932233439732e-11
2.000000000000000000e+00 4.500000000000000000e+01 6.000000000000000000e+01 2.000000000000000000e+00 3.350000000000000000e+01 1.200000000000000000e+02 1.000000000000000021e-02 2.000000000000000000e+01 2.385000000000000000e+02 4.000000000000000000e+00 4.000000000000000000e+01 2.185000000000000000e+02 2.602963451539170044e-11
2.000000000000000000e+00 4.500000000000000000e+01 6.000000000000000000e+01 2.000000000000000000e+00 3.350000000000000000e+01 1.200000000000000000e+02 5.000000000000000000e-01 2.000000000000000000e+01 2.385000000000000000e+02 2.000000000000000000e+00 6.000000000000000000e+01 1.985000000000000000e+02 1.032189901291010075e-11
2.000000000000000000e+00 4.500000000000000000e+01 6.000000000000000000e+01 2.000000000000000000e+00 3.350000000000000000e+01 1.200000000000000000e+02 5.000000000000000000e-01 8.000000000000000000e+01 1.785000000000000000e+02 2.000000000000000000e+00 1.000000000000000000e+00 2.575000000000000000e+02 2.258150881260949894e-11
2.000000000000000000e+00 4.500000000000000000e+01 6.000000000000000000e+01 2.000000000000000000e+00 3.350000000000000000e+01 1.200000000000000000e+02 2.000000000000000111e-01 1.000000000000000000e+00 2.575000000000000000e+02 2.000000000000000000e+00 1.000000000000000000e+00 2.575000000000000000e+02 4.192963548827299954e-11
4.000000000000000000e+00 2.250000000000000000e+01 6.000000000000000000e+01 4.000000000000000000e+00 1.675000000000000000e+01 1.200000000000000000e+02 5.000000000000000000e-01 4.000000000000000000e+01 1.792500000000000000e+02 4.000000000000000000e+00 6.000000000000000000e+01 1.592500000000000000e+02 8.721006228493830373e-14
2.000000000000000000e+00 8.000000000000000000e+01 1.200000000000000000e+02 0.000000000000000000e+00 0.000000000000000000e+00 0.000000000000000000e+00 5.000000000000000278e-02 8.000000000000000000e+01 1.200000000000000000e+02 3.000000000000000000e+00 4.000000000000000000e+01 1.600000000000000000e+02 3.903307135369989868e-11
4.000000000000000000e+00 2.250000000000000000e+01 6.000000000000000000e+01 4.000000000000000000e+00 1.675000000000000000e+01 1.200000000000000000e+02 1.000000000000000021e-02 6.000000000000000000e+01 1.592500000000000000e+02 4.000000000000000000e+00 2.000000000000000000e+01 1.992500000000000000e+02 6.354501031212399415e-11
1.000000000000000000e+00 9.000000000000000000e+01 6.000000000000000000e+01 1.000000000000000000e+00 6.700000000000000000e+01 1.200000000000000000e+02 1.000000000000000021e-02 6.000000000000000000e+01 2.770000000000000000e+02 2.000000000000000000e+00 8.000000000000000000e+01 2.570000000000000000e+02 2.532327096917689860e-14
2.000000000000000000e+00 4.500000000000000000e+01 6.000000000000000000e+01 2.000000000000000000e+00 3.350000000000000000e+01 1.200000000000000000e+02 1.000000000000000000e+00 2.000000000000000000e+01 2.385000000000000000e+02 4.000000000000000000e+00 8.000000000000000000e+01 1.785000000000000000e+02 5.937624252451650090e-11
2.000000000000000000e+00 4.500000000000000000e+01 6.000000000000000000e+01 2.000000000000000000e+00 3.350000000000000000e+01 1.200000000000000000e+02 5.000000000000000278e-02 2.000000000000000000e+01 2.385000000000000000e+02 3.000000000000000000e+00 4.000000000000000000e+01 2.185000000000000000e+02 1.227374696664060053e-11
4.000000000000000000e+00 2.250000000000000000e+01 6.000000000000000000e+01 4.000000000000000000e+00 1.675000000000000000e+01 1.200000000000000000e+02 2.000000000000000111e-01 2.000000000000000000e+01 1.992500000000000000e+02 3.000000000000000000e+00 6.000000000000000000e+01 1.592500000000000000e+02 8.721006228493830373e-14
2.000000000000000000e+00 4.500000000000000000e+01 6.000000000000000000e+01 2.000000000000000000e+00 3.350000000000000000e+01 1.200000000000000000e+02 1.000000000000000000e+00 8.000000000000000000e+01 1.785000000000000000e+02 3.000000000000000000e+00 1.000000000000000000e+00 2.575000000000000000e+02 4.927622634674780155e-11
2.000000000000000000e+00 4.500000000000000000e+01 6.000000000000000000e+01 2.000000000000000000e+00 3.350000000000000000e+01 1.200000000000000000e+02 1.000000000000000056e-01 1.000000000000000000e+00 2.575000000000000000e+02 2.000000000000000000e+00 8.000000000000000000e+01 1.785000000000000000e+02 1.626339684910359971e-11
2.000000000000000000e+00 4.500000000000000000e+01 6.000000000000000000e+01 2.000000000000000000e+00 3.350000000000000000e+01 1.200000000000000000e+02 5.000000000000000278e-02 4.000000000000000000e+01 2.185000000000000000e+02 4.000000000000000000e+00 2.000000000000000000e+01 2.385000000000000000e+02 7.645450567610830152e-11
4.000000000000000000e+00 2.250000000000000000e+01 6.000000000000000000e+01 4.000000000000000000e+00 1.675000000000000000e+01 1.200000000000000000e+02 5.000000000000000278e-02 6.000000000000000000e+01 1.592500000000000000e+02 4.000000000000000000e+00 2.000000000000000000e+01 1.992500000000000000e+02 6.354501031212399415e-11
2.000000000000000000e+00 4.500000000000000000e+01 6.000000000000000000e+01 2.000000000000000000e+00 3.350000000000000000e+01 1.200000000000000000e+02 2.000000000000000111e-01 4.000000000000000000e+01 2.185000000000000000e+02 3.000000000000000000e+00 1.000000000000000000e+00 2.575000000000000000e+02 4.927622634674780155e-11
2.000000000000000000e+00 4.500000000000000000e+01 6.000000000000000000e+01 2.000000000000000000e+00 3.350000000000000000e+01 1.200000000000000000e+02 5.000000000000000278e-02 8.000000000000000000e+01 1.785000000000000000e+02 2.000000000000000000e+00 8.000000000000000000e+01 1.785000000000000000e+02 4.694953141157269720e-14
2.000000000000000000e+00 8.000000000000000000e+01 1.200000000000000000e+02 0.000000000000000000e+00 0.000000000000000000e+00 0.000000000000000000e+00 1.000000000000000021e-02 4.000000000000000000e+01 1.600000000000000000e+02 4.000000000000000000e+00 1.000000000000000000e+00 1.990000000000000000e+02 7.703695695408380603e-11
2.000000000000000000e+00 8.000000000000000000e+01 1.200000000000000000e+02 0.000000000000000000e+00 0.000000000000000000e+00 0.000000000000000000e+00 5.000000000000000278e-02 4.000000000000000000e+01 1.600000000000000000e+02 2.000000000000000000e+00 2.000000000000000000e+01 1.800000000000000000e+02 2.207200531605030109e-11
2.000000000000000000e+00 4.500000000000000000e+01 6.000000000000000000e+01 2.000000000000000000e+00 3.350000000000000000e+01 1.200000000000000000e+02 5.000000000000000278e-02 4.000000000000000000e+01 2.185000000000000000e+02 2.000000000000000000e+00 4.000000000000000000e+01 2.185000000000000000e+02 4.694953141157269720e-14
2.000000000000000000e+00 8.000000000000000000e+01 1.200000000000000000e+02 0.000000000000000000e+00 0.000000000000000000e+00 0.000000000000000000e+00 2.000000000000000111e-01 2.000000000000000000e+01 1.800000000000000000e+02 2.000000000000000000e+00 4.000000000000000000e+01 1.600000000000000000e+02 1.283287191916320067e-11
2.000000000000000000e+00 4.500000000000000000e+01 6.000000000000000000e+01 2.000000000000000000e+00 3.350000000000000000e+01 1.200000000000000000e+02 1.000000000000000056e-01 2.000000000000000000e+01 2.385000000000000000e+02 4.000000000000000000e+00 1.000000000000000000e+00 2.575000000000000000e+02 8.362416989031450126e-11
2.000000000000000000e+00 4.500000000000000000e+01 6.000000000000000000e+01 2.000000000000000000e+00 3.350000000000000000e+01 1.200000000000000000e+02 1.000000000000000056e-01 2.000000000000000000e+01 2.385000000000000000e+02 3.000000000000000000e+00 4.000000000000000000e+01 2.185000000000000000e+02 2.504187066121329974e-11
4.000000000000000000e+00 2.250000000000000000e+01 6.000000000000000000e+01 4.000000000000000000e+00 1.675000000000000000e+01 1.200000000000000000e+02 1.000000000000000056e-01 1.000000000000000000e+00 2.182500000000000000e+02 4.000000000000000000e+00 6.000000000000000000e+01 1.592500000000000000e+02 1.076474576734179925e-11
2.000000000000000000e+00 4.500000000000000000e+01 6.000000000000000000e+01 2.000000000000000000e+00 3.350000000000000000e+01 1.200000000000000000e+02 2.000000000000000111e-01 8.000000000000000000e+01 1.785000000000000000e+02 2.000000000000000000e+00 2.000000000000000000e+01 2.385000000000000000e+02 2.207200531605030109e-11
1.000000000000000000e+00 9.000000000000000000e+01 6.000000000000000000e+01 1.000000000000000000e+00 6.700000000000000000e+01 1.200000000000000000e+02 5.000000000000000278e-02 8.000000000000000000e+01 2.570000000000000000e+02 4.000000000000000000e+00 6.000000000000000000e+01 2.770000000000000000e+02 7.582328117218570000e-11
1.000000000000000000e+00 9.000000000000000000e+01 6.000000000000000000e+01 1.000000000000000000e+00 6.700000000000000000e+01 1.200000000000000000e+02 2.000000000000000111e-01 2.000000000000000000e+01 3.170000000000000000e+02 2.000000000000000000e+00 6.000000000000000000e+01 2.770000000000000000e+02 3.978827881169639918e-11
4.000000000000000000e+00 2.250000000000000000e+01 6.000000000000000000e+01 4.000000000000000000e+00 1.675000000000000000e+01 1.200000000000000000e+02 1.000000000000000021e-02 1.000000000000000000e+00 2.182500000000000000e+02 4.000000000000000000e+00 2.000000000000000000e+01 1.992500000000000000e+02 4.985259864293870189e-11
2.000000000000000000e+00 8.000000000000000000e+01 1.200000000000000000e+02 0.000000000000000000e+00 0.000000000000000000e+00 0.000000000000000000e+00 1.000000000000000000e+00 8.000000000000000000e+01 1.200000000000000000e+02 4.000000000000000000e+00 2.000000000000000000e+01 1.800000000000000000e+02 7.645450567610830152e-11
2.000000000000000000e+00 8.000000000000000000e+01 1.200000000000000000e+02 0.000000000000000000e+00 0.000000000000000000e+00 0.000000000000000000e+00 1.000000000000000000e+00 8.000000000000000000e+01 1.200000000000000000e+02 3.000000000000000000e+00 1.000000000000000000e+00 1.990000000000000000e+02 4.927622634674780155e-11
2.000000000000000000e+00 8.000000000000000000e+01 1.200000000000000000e+02 0.000000000000000000e+00 0.000000000000000000e+00 0.000000000000000000e+00 5.000000000000000278e-02 1.000000000000000000e+00 1.990000000000000000e+02 3.000000000000000000e+00 8.000000000000000000e+01 1.200000000000000000e+02 1.580337343683850018e-11
4.000000000000000000e+00 2.250000000000000000e+01 6.000000000000000000e+01 4.000000000000000000e+00 1.675000000000000000e+01 1.200000000000000000e+02 1.000000000000000000e+00 6.000000000000000000e+01 1.592500000000000000e+02 3.000000000000000000e+00 1.000000000000000000e+00 2.182500000000000000e+02 4.626402018659609830e-11
2.000000000000000000e+00 8.000000000000000000e+01 1.200000000000000000e+02 0.000000000000000000e+00 0.000000000000000000e+00 0.000000000000000000e+00 1.000000000000000021e-02 2.000000000000000000e+01 1.800000000000000000e+02 3.000000000000000000e+00 8.000000000000000000e+01 1.200000000000000000e+02 3.995863167333730185e-12
1.000000000000000000e+00 9.000000000000000000e+01 6.000000000000000000e+01 1.000000000000000000e+00 6.700000000000000000e+01 1.200000000000000000e+02 2.000000000000000111e-01 8.000000000000000000e+01 2.570000000000000000e+02 2.000000000000000000e+00 8.000000000000000000e+01 2.570000000000000000e+02 2.532327096917689860e-14
2.000000000000000000e+00 4.500000000000000000e+01 6.000000000000000000e+01 2.000000000000000000e+00 3.350000000000000000e+01 1.200000000000000000e+02 5.000000000000000000e-01 2.000000000000000000e+01 2.385000000000000000e+02 3.000000000000000000e+00 1.000000000000000000e+00 2.575000000000000000e+02 5.776884664330729726e-11
2.000000000000000000e+00 8.000000000000000000e+01 1.200000000000000000e+02 0.000000000000000000e+00 0.000000000000000000e+00 0.000000000000000000e+00 1.000000000000000000e+00 2.000000000000000000e+01 1.800000000000000000e+02 4.000000000000000000e+00 4.000000000000000000e+01 1.600000000000000000e+02 6.654159490280570314e-11
4.000000000000000000e+00 2.250000000000000000e+01 6.000000000000000000e+01 4.000000000000000000e+00 1.675000000000000000e+01 1.200000000000000000e+02 1.000000000000000056e-01 2.000000000000000000e+01 1.992500000000000000e+02 2.000000000000000000e+00 4.000000000000000000e+01 1.792500000000000000e+02 8.721006228493830373e-14
1.000000000000000000e+00 9.000000000000000000e+01 6.000000000000000000e+01 1.000000000000000000e+00 6.700000000000000000e+01 1.200000000000000000e+02 1.000000000000000000e+00 6.000000000000000000e+01 2.770000000000000000e+02 2.000000000000000000e+00 1.000000000000000000e+00 3.360000000000000000e+02 2.408676366266889988e-11
4.000000000000000000e+00 2.250000000000000000e+01 6.000000000000000000e+01 4.000000000000000000e+00 1.675000000000000000e+01 1.200000000000000000e+02 5.000000000000000278e-02 8.000000000000000000e+01 1.392500000000000000e+02 3.000000000000000000e+00 8.000000000000000000e+01 1.392500000000000000e+02 8.721006228493830373e-14
2.000000000000000000e+00 4.500000000000000000e+01 6.000000000000000000e+01 2.000000000000000000e+00 3.350000000000000000e+01 1.200000000000000000e+02 2.000000000000000111e-01 1.000000000000000000e+00 2.575000000000000000e+02 3.000000000000000000e+00 2.000000000000000000e+01 2.385000000000000000e+02 6.850284407255209840e-11
1.000000000000000000e+00 9.000000000000000000e+01 6.000000000000000000e+01 1.000000000000000000e+00 6.700000000000000000e+01 1.200000000000000000e+02 1.000000000000000000e+00 4.000000000000000000e+01 2.970000000000000000e+02 2.000000000000000000e+00 4.000000000000000000e+01 2.970000000000000000e+02 2.353018340019570026e-11
2.000000000000000000e+00 8.000000000000000000e+01 1.200000000000000000e+02 0.000000000000000000e+00 0.000000000000000000e+00 0.000000000000000000e+00 1.000000000000000000e+00 6.000000000000000000e+01 1.400000000000000000e+02 3.000000000000000000e+00 8.000000000000000000e+01 1.200000000000000000e+02 4.694953141157269720e-14
2.000000000000000000e+00 4.500000000000000000e+01 6.000000000000000000e+01 2.000000000000000000e+00 3.350000000000000000e+01 1.200000000000000000e+02 1.000000000000000021e-02 8.000000000000000000e+01 1.785000000000000000e+02 3.000000000000000000e+00 4.000000000000000000e+01 2.185000000000000000e+02 3.903307135369989868e-11
1.000000000000000000e+00 9.000000000000000000e+01 6.000000000000000000e+01 1.000000000000000000e+00 6.700000000000000000e+01 1.200000000000000000e+02 1.000000000000000000e+00 4.000000000000000000e+01 2.970000000000000000e+02 4.000000000000000000e+00 6.000000000000000000e+01 2.770000000000000000e+02 7.582328117218570000e-11
2.000000000000000000e+00 8.000000000000000000e+01 1.200000000000000000e+02 0.000000000000000000e+00 0.000000000000000000e+00 0.000000000000000000e+00 1.000000000000000056e-01 6.000000000000000000e+01 1.400000000000000000e+02 3.000000000000000000e+00 6.000000000000000000e+01 1.400000000000000000e+02 4.694953141157269720e-14
2.000000000000000000e+00 4.500000000000000000e+01 6.000000000000000000e+01 2.000000000000000000e+00 3.350000000000000000e+01 1.200000000000000000e+02 5.000000000000000000e-01 2.000000000000000000e+01 2.385000000000000000e+02 3.000000000000000000e+00 6.000000000000000000e+01 1.985000000000000000e+02 3.748851517954410168e-11
2.000000000000000000e+00 8.000000000000000000e+01 1.200000000000000000e+02 0.000000000000000000e+00 0.000000000000000000e+00 0.000000000000000000e+00 1.000000000000000056e-01 6.000000000000000000e+01 1.400000000000000000e+02 4.000000000000000000e+00 8.000000000000000000e+01 1.200000000000000000e+02 4.694953141157269720e-14
2.000000000000000000e+00 4.500000000000000000e+01 6.000000000000000000e+01 2.000000000000000000e+00 3.350000000000000000e+01 1.200000000000000000e+02 1.000000000000000056e-01 8.000000000000000000e+01 1.785000000000000000e+02 4.000000000000000000e+00 2.000000000000000000e+01 2.385000000000000000e+02 7.645450567610830152e-11
2.000000000000000000e+00 8.000000000000000000e+01 1.200000000000000000e+02 0.000000000000000000e+00 0.000000000000000000e+00 0.000000000000000000e+00 5.000000000000000278e-02 2.000000000000000000e+01 1.800000000000000000e+02 4.000000000000000000e+00 8.000000000000000000e+01 1.200000000000000000e+02 4.314203892514630353e-12
2.000000000000000000e+00 8.000000000000000000e+01 1.200000000000000000e+02 0.000000000000000000e+00 0.000000000000000000e+00 0.000000000000000000e+00 1.000000000000000000e+00 8.000000000000000000e+01 1.200000000000000000e+02 3.000000000000000000e+00 2.000000000000000000e+01 1.800000000000000000e+02 4.873053170281929904e-11
1.000000000000000000e+00 9.000000000000000000e+01 6.000000000000000000e+01 1.000000000000000000e+00 6.700000000000000000e+01 1.200000000000000000e+02 1.000000000000000021e-02 2.000000000000000000e+01 3.170000000000000000e+02 3.000000000000000000e+00 4.000000000000000000e+01 2.970000000000000000e+02 6.541535749843870047e-11
1.000000000000000000e+00 9.000000000000000000e+01 6.000000000000000000e+01 1.000000000000000000e+00 6.700000000000000000e+01 1.200000000000000000e+02 2.000000000000000111e-01 2.000000000000000000e+01 3.170000000000000000e+02 4.000000000000000000e+00 6.000000000000000000e+01 2.770000000000000000e+02 9.502862246174350097e-11
2.000000000000000000e+00 8.000000000000000000e+01 1.200000000000000000e+02 0.000000000000000000e+00 0.000000000000000000e+00 0.000000000000000000e+00 1.000000000000000000e+00 8.000000000000000000e+01 1.200000000000000000e+02 3.000000000000000000e+00 4.000000000000000000e+01 1.600000000000000000e+02 3.903307135369989868e-11
2.000000000000000000e+00 4.500000000000000000e+01 6.000000000000000000e+01 2.000000000000000000e+00 3.350000000000000000e+01 1.200000000000000000e+02 2.000000000000000111e-01 1.000000000000000000e+00 2.575000000000000000e+02 4.000000000000000000e+00 2.000000000000000000e+01 2.385000000000000000e+02 9.672225506129380493e-11
2.000000000000000000e+00 8.000000000000000000e+01 1.200000000000000000e+02 0.000000000000000000e+00 0.000000000000000000e+00 0.000000000000000000e+00 1.000000000000000021e-02 2.000000000000000000e+01 1.800000000000000000e+02 2.000000000000000000e+00 1.000000000000000000e+00 1.990000000000000000e+02 2.793702107909220088e-11
1.000000000000000000e+00 9.000000000000000000e+01 6.000000000000000000e+01 1.000000000000000000e+00 6.700000000000000000e+01 1.200000000000000000e+02 5.000000000000000000e-01 2.000000000000000000e+01 3.170000000000000000e+02 4.000000000000000000e+00 4.000000000000000000e+01 2.970000000000000000e+02 9.144555750050799485e-11
2.000000000000000000e+00 4.500000000000000000e+01 6.000000000000000000e+01 2.000000000000000000e+00 3.350000000000000000e+01 1.200000000000000000e+02 1.000000000000000000e+00 1.000000000000000000e+00 2.575000000000000000e+02 4.000000000000000000e+00 8.000000000000000000e+01 1.785000000000000000e+02 5.937624252451650090e-11
1.000000000000000000e+00 9.000000000000000000e+01 6.000000000000000000e+01 1.000000000000000000e+00 6.700000000000000000e+01 1.200000000000000000e+02 1.000000000000000000e+00 8.000000000000000000e+01 2.570000000000000000e+02 4.000000000000000000e+00 8.000000000000000000e+01 2.570000000000000000e+02 6.835461587717410030e-11
2.000000000000000000e+00 4.500000000000000000e+01 6.000000000000000000e+01 2.000000000000000000e+00 3.350000000000000000e+01 1.200000000000000000e+02 2.000000000000000111e-01 6.000000000000000000e+01 1.985000000000000000e+02 3.000000000000000000e+00 8.000000000000000000e+01 1.785000000000000000e+02 4.694953141157269720e-14
4.000000000000000000e+00 2.250000000000000000e+01 6.000000000000000000e+01 4.000000000000000000e+00 1.675000000000000000e+01 1.200000000000000000e+02 1.000000000000000000e+00 4.000000000000000000e+01 1.792500000000000000e+02 2.000000000000000000e+00 4.000000000000000000e+01 1.792500000000000000e+02 4.693857510719330287e-13
1.000000000000000000e+00 9.000000000000000000e+01 6.000000000000000000e+01 1.000000000000000000e+00 6.700000000000000000e+01 1.200000000000000000e+02 1.000000000000000000e+00 4.000000000000000000e+01 2.970000000000000000e+02 4.000000000000000000e+00 4.000000000000000000e+01 2.970000000000000000e+02 7.830718140374650169e-11
2.000000000000000000e+00 4.500000000000000000e+01 6.000000000000000000e+01 2.000000000000000000e+00 3.350000000000000000e+01 1.200000000000000000e+02 5.000000000000000278e-02 6.000000000000000000e+01 1.985000000000000000e+02 3.000000000000000000e+00 4.000000000000000000e+01 2.185000000000000000e+02 3.903307135369989868e-11
2.000000000000000000e+00 4.500000000000000000e+01 6.000000000000000000e+01 2.000000000000000000e+00 3.350000000000000000e+01 1.200000000000000000e+02 1.000000000000000021e-02 6.000000000000000000e+01 1.985000000000000000e+02 2.000000000000000000e+00 2.000000000000000000e+01 2.385000000000000000e+02 2.207200531605030109e-11
2.000000000000000000e+00 4.500000000000000000e+01 6.000000000000000000e+01 2.000000000000000000e+00 3.350000000000000000e+01 1.200000000000000000e+02 1.000000000000000000e+00 6.000000000000000000e+01 1.985000000000000000e+02 2.000000000000000000e+00 1.000000000000000000e+00 2.575000000000000000e+02 2.258150881260949894e-11
2.000000000000000000e+00 4.500000000000000000e+01 6.000000000000000000e+01 2.000000000000000000e+00 3.350000000000000000e+01 1.200000000000000000e+02 1.000000000000000000e+00 6.000000000000000000e+01 1.985000000000000000e+02 2.000000000000000000e+00 8.000000000000000000e+01 1.785000000000000000e+02 4.803272114260390186e-12
1.000000000000000000e+00 9.000000000000000000e+01 6.000000000000000000e+01 1.000000000000000000e+00 6.700000000000000000e+01 1.200000000000000000e+02 1.000000000000000000e+00 1.000000000000000000e+00 3.360000000000000000e+02 3.000000000000000000e+00 1.000000000000000000e+00 3.360000000000000000e+02 5.104443250191259855e-11
4.000000000000000000e+00 2.250000000000000000e+01 6.000000000000000000e+01 4.000000000000000000e+00 1.675000000000000000e+01 1.200000000000000000e+02 1.000000000000000000e+00 6.000000000000000000e+01 1.592500000000000000e+02 2.000000000000000000e+00 6.000000000000000000e+01 1.592500000000000000e+02 4.718802541786990043e-13
4.000000000000000000e+00 2.250000000000000000e+01 6.000000000000000000e+01 4.000000000000000000e+00 1.675000000000000000e+01 1.200000000000000000e+02 5.000000000000000000e-01 8.000000000000000000e+01 1.392500000000000000e+02 3.000000000000000000e+00 1.000000000000000000e+00 2.182500000000000000e+02 4.626402018659609830e-11
2.000000000000000000e+00 4.500000000000000000e+01 6.000000000000000000e+01 2.000000000000000000e+00 3.350000000000000000e+01 1.200000000000000000e+02 1.000000000000000021e-02 4.000000000000000000e+01 2.185000000000000000e+02 3.000000000000000000e+00 6.000000000000000000e+01 1.985000000000000000e+02 4.694953141157269720e-14
4.000000000000000000e+00 2.250000000000000000e+01 6.000000000000000000e+01 4.000000000000000000e+00 1.675000000000000000e+01 1.200000000000000000e+02 2.000000000000000111e-01 8.000000000000000000e+01 1.392500000000000000e+02 4.000000000000000000e+00 8.000000000000000000e+01 1.392500000000000000e+02 2.486140972520940011e-11
2.000000000000000000e+00 8.000000000000000000e+01 1.200000000000000000e+02 0.000000000000000000e+00 0.000000000000000000e+00 0.000000000000000000e+00 5.000000000000000000e-01 2.000000000000000000e+01 1.800000000000000000e+02 3.000000000000000000e+00 1.000000000000000000e+00 1.990000000000000000e+02 5.776884664330729726e-11
1.000000000000000000e+00 9.000000000000000000e+01 6.000000000000000000e+01 1.000000000000000000e+00 6.700000000000000000e+01 1.200000000000000000e+02 5.000000000000000278e-02 8.000000000000000000e+01 2.570000000000000000e+02 3.000000000000000000e+00 4.000000000000000000e+01 2.970000000000000000e+02 5.046021407806950029e-11
2.000000000000000000e+00 4.500000000000000000e+01 6.000000000000000000e+01 2.000000000000000000e+00 3.350000000000000000e+01 1.200000000000000000e+02 1.000000000000000000e+00 4.000000000000000000e+01 2.185000000000000000e+02 2.000000000000000000e+00 2.000000000000000000e+01 2.385000000000000000e+02 2.207200531605030109e-11
4.000000000000000000e+00 2.250000000000000000e+01 6.000000000000000000e+01 4.000000000000000000e+00 1.675000000000000000e+01 1.200000000000000000e+02 5.000000000000000278e-02 6.000000000000000000e+01 1.592500000000000000e+02 4.000000000000000000e+00 4.000000000000000000e+01 1.792500000000000000e+02 5.501916767325280026e-11
2.000000000000000000e+00 8.000000000000000000e+01 1.200000000000000000e+02 0.000000000000000000e+00 0.000000000000000000e+00 0.000000000000000000e+00 1.000000000000000056e-01 1.000000000000000000e+00 1.990000000000000000e+02 3.000000000000000000e+00 6.000000000000000000e+01 1.400000000000000000e+02 1.626339684910359971e-11
1.000000000000000000e+00 9.000000000000000000e+01 6.000000000000000000e+01 1.000000000000000000e+00 6.700000000000000000e+01 1.200000000000000000e+02 1.000000000000000000e+00 2.000000000000000000e+01 3.170000000000000000e+02 2.000000000000000000e+00 1.000000000000000000e+00 3.360000000000000000e+02 2.408676366266889988e-11
2.000000000000000000e+00 4.500000000000000000e+01 6.000000000000000000e+01 2.000000000000000000e+00 3.350000000000000000e+01 1.200000000000000000e+02 1.000000000000000000e+00 4.000000000000000000e+01 2.185000000000000000e+02 3.000000000000000000e+00 2.000000000000000000e+01 2.385000000000000000e+02 4.873053170281929904e-11
2.000000000000000000e+00 8.000000000000000000e+01 1.200000000000000000e+02 0.000000000000000000e+00 0.000000000000000000e+00 0.000000000000000000e+00 5.000000000000000000e-01 6.000000000000000000e+01 1.400000000000000000e+02 3.000000000000000000e+00 6.000000000000000000e+01 1.400000000000000000e+02 4.694953141157269720e-14
2.000000000000000000e+00 4.500000000000000000e+01 6.000000000000000000e+01 2.000000000000000000e+00 3.350000000000000000e+01 1.200000000000000000e+02 1.000000000000000056e-01 2.000000000000000000e+01 2.385000000000000000e+02 2.000000000000000000e+00 6.000000000000000000e+01 1.985000000000000000e+02 4.618718468427089831e-12
2.000000000000000000e+00 4.500000000000000000e+01 6.000000000000000000e+01 2.000000000000000000e+00 3.350000000000000000e+01 1.200000000000000000e+02 1.000000000000000000e+00 8.000000000000000000e+01 1.785000000000000000e+02 4.000000000000000000e+00 6.000000000000000000e+01 1.985000000000000000e+02 5.935178522570829880e-11
4.000000000000000000e+00 2.250000000000000000e+01 6.000000000000000000e+01 4.000000000000000000e+00 1.675000000000000000e+01 1.200000000000000000e+02 5.000000000000000000e-01 2.000000000000000000e+01 1.992500000000000000e+02 2.000000000000000000e+00 6.000000000000000000e+01 1.592500000000000000e+02 8.721006228493830373e-14
